38 50 93.90164041612081
38 73 60.47978302508216
38 43 79.1385347365714
50 45 80.22742970448665
50 77 35.87245078998654
10 17 52.92121610041149
10 70 92.03535994844825
10 7 41.72124033180065
17 89 86.78537291493404
17 33 21.955352062441115
81 93 47.73234433581495
81 8 64.1385119307781
81 95 80.68885870317435
93 3 81.06822008161859
93 15 30.125222491252327
2 84 66.83404530977086
2 5 80.12607101477379
2 35 87.47360784833248
84 85 7.75355159789593
84 39 19.40590216762267
57 97 23.842218020573583
57 34 3.926542857209271
57 30 75.05179943044466
97 46 20.2863939965554
97 87 49.32022482236055
13 83 22.73682040988555
13 19 89.52732321738998
13 77 80.91581282605426
83 98 54.10525700963573
83 23 91.61621768904682
51 74 59.77618844497604
51 88 26.845020597050596
51 8 47.2737958419654
74 95 30.32354592050406
74 24 7.7675911137244
5 72 68.00526137183667
5 35 58.01598845080389
21 56 80.4474872566187
21 12 1.28069136095779
21 91 68.29745037832761
56 55 15.82179884410947
56 49 93.9499325270627
36 61 57.38493455265293
36 94 87.88676387291272
36 99 56.172595056775926
61 18 4.834870099348166
61 40 42.36283340489475
26 53 27.556007271586196
26 59 58.42674405460407
26 96 10.370983220732727
53 95 13.940774949536
53 41 54.14387309491159
85 12 89.0024339860519
85 11 87.34887502330278
15 30 25.667085573551326
15 76 96.21070760701616
30 25 29.469463683676516
37 88 19.032581496556883
37 19 94.6210069867615
37 35 74.00487544151679
88 79 81.05314449483986
46 68 97.22047600894388
46 49 68.51828105234956
6 98 98.21480050780457
6 42 37.92137295167761
6 29 34.474415828506835
98 25 55.91227982212182
64 75 66.24808791154112
64 43 45.60263424648338
64 94 32.31192387918445
75 7 48.17803524382003
75 14 37.087511676944345
34 63 34.88895343031505
34 89 1.6014800679999273
27 67 82.5159506515069
27 54 68.91527404167385
27 86 12.2419425408432
67 20 49.94422504110714
67 86 78.32151427788428
16 44 27.26137223274739
16 76 47.27370964103602
16 40 22.981469711983284
44 52 60.53589490463935
44 11 28.050230408625193
59 82 74.56228252232127
59 68 86.16736351635383
82 87 23.39891561909438
82 47 79.86701765372855
77 79 42.20476103314039
79 33 75.74096574310055
70 87 65.77946442608102
70 48 64.03541934490607
18 49 60.91196802569453
18 80 34.353397006597405
7 22 53.116772470101125
22 4 19.893985224057726
22 9 18.674535736592972
55 43 5.212148380469448
55 68 43.74781419386623
94 92 19.571026107290734
76 62 32.30966141999752
73 1 53.186716811539405
73 19 85.90402965359138
3 12 22.584574278794424
3 71 22.77004342323993
33 66 17.79418680569997
28 58 10.04634875582278
28 54 58.62143160959369
28 9 2.831037503981995
58 32 26.186064624238327
58 31 16.647159214406884
63 48 70.21500660129963
63 45 3.0178473028087036
0 14 15.764516067562532
0 90 35.43587670085682
0 31 82.64731279564587
14 47 69.34913319767206
42 91 23.913559395004434
42 66 13.186803927635719
4 78 41.54268154415456
4 1 41.93514469197967
78 39 35.169207840060935
78 31 36.74019977107459
1 69 39.72102817942123
25 9 2.2784970886584426
8 20 9.388775021163214
52 23 62.84489920090126
52 91 46.45744336902184
32 65 72.06184589462612
32 69 95.71390896268716
48 60 86.93423308079568
90 40 80.38938290412506
90 23 34.62430087561167
92 99 38.58047249629924
92 96 50.50633060036377
29 11 99.99703505340787
29 80 5.747779309224256
39 65 35.723076542521
65 54 58.14968126516921
47 71 87.81462495437188
71 24 99.4540448764994
72 80 97.99114785750824
72 41 70.43135120134745
20 89 32.016833761127195
60 41 78.38190342261827
60 96 10.362299487492399
45 24 2.450984275226726
62 99 69.02748190135472
62 86 57.89577737825617
69 66 28.298858589535794
