178 992 65.56004303559898
178 513 2.339407142151134
178 130 26.005351535223316
992 878 74.5714481257453
992 638 39.50657156476515
189 565 83.13872854418388
189 588 16.730218399860906
189 144 90.647633405992
565 8 67.52333331420404
565 549 69.24335694481812
391 581 69.93147593191628
391 423 69.7319506533704
391 646 79.91587843860435
581 495 63.87765634132634
581 923 53.31012501226257
413 834 24.166161694795587
413 1 25.101212970385244
413 927 90.81198955251887
834 714 84.12819241796609
834 190 5.374060994224399
401 890 91.88394648026643
401 9 30.030337729251713
401 416 94.60365308249305
890 928 33.85981606790551
890 853 62.281651320840076
1 75 22.66607409815345
1 278 13.63239092211981
128 222 91.90240432792842
128 536 59.40477535765545
128 224 7.637346426703999
222 389 25.21533202086563
222 525 26.702764427905635
209 424 31.46396321798099
209 621 8.90905067089573
209 361 3.4089416317909267
424 543 52.38777883630934
424 395 26.322134419051324
964 997 14.610364786748416
964 120 17.22743978131328
964 214 78.18566212014954
997 946 60.5016797387512
997 80 3.1815618022487127
536 259 29.71728395532608
536 113 36.44123440833524
570 995 50.36702342668313
570 876 88.04566280643209
570 147 22.593538288077664
995 285 3.852943853379022
995 467 4.357580964404917
293 781 18.345748865363248
293 820 51.95640764098689
293 971 26.000089653345302
781 729 43.47022691948523
781 405 81.99369927187541
332 434 43.06321491995498
332 12 69.4114191195618
332 163 94.54981107432916
434 484 52.25453297987302
434 502 56.293505566368324
600 833 43.261228134453255
600 49 39.542875248540994
600 164 34.750997489115626
833 721 44.5654912358284
833 591 21.52470450655801
403 796 41.51529487167868
403 779 79.65460361676007
403 43 45.485921797738555
796 241 31.58478648650286
796 142 98.04954120921687
44 686 25.996871809604407
44 773 67.6923506832455
44 515 70.44836086148389
686 653 48.89484985108515
686 252 58.062233303661806
150 280 53.05500791773947
150 99 97.9124355104527
150 136 57.745317243377954
280 234 33.50718033787336
280 908 4.6465982628266485
381 385 57.54444153092719
381 248 10.512019048347133
381 551 69.17262953275748
385 203 65.04917850844609
385 683 62.5804964208995
328 531 16.443467209871375
328 254 86.33761759121495
328 461 84.22062662190366
531 105 8.728610939890693
531 810 20.91635883391346
65 960 41.68634953877043
65 894 54.380128695989484
65 971 19.11252595767164
960 651 1.5365012001095204
960 26 92.41425846858813
146 259 77.18594828361834
146 930 29.25918303275791
146 680 79.01661944835953
259 596 21.875655344641377
421 529 35.21777463007014
421 487 50.128112640505435
421 19 14.759490909150905
529 470 20.597034675804743
529 590 68.70244305686664
98 766 77.16590978907026
98 400 87.2974183836065
98 631 95.19053743885743
766 618 14.208149769906921
766 414 11.037094828528403
393 791 87.92342899938733
393 395 73.21600791441521
393 916 65.74470496004072
791 599 47.959301685527336
791 42 22.06752568378212
703 767 30.527829529006812
703 740 40.25897059818557
703 583 16.87630617765914
767 448 81.03789353749144
767 370 79.90274080228511
746 837 74.28321643703305
746 94 1.1386372332240837
746 680 36.069732529866045
837 695 64.90607511332719
837 375 36.629371779624556
181 557 98.85033470418948
181 736 37.59751342687058
181 115 25.61163186735955
557 57 77.18942286599085
557 655 64.21559167852354
283 696 2.2615783019839855
283 471 10.682072850328128
283 744 6.951907750300807
696 447 50.12606553204585
696 626 69.40854442867536
13 665 95.2015487627462
13 126 63.90549770451997
13 80 95.05207441135934
665 129 72.62443080394007
665 778 18.52498853864875
655 675 44.69386525998773
655 848 10.7884173932005
675 671 16.214896238151184
675 574 61.883243251783654
456 927 99.34196325022218
456 649 25.76306361380054
456 998 87.75891338374711
927 620 3.0816022791076745
755 975 67.09277517001787
755 46 48.80176122141508
755 25 74.19131827185947
975 980 4.173030248554868
975 815 59.77517244123909
22 978 69.97772953093228
22 269 54.36674718921247
22 867 91.32407797122896
978 518 86.53072903051586
978 869 29.727729045428273
422 471 19.082607496973917
422 996 90.24414411616122
422 24 70.3357598773989
471 79 18.945284137316623
11 786 25.341131890044505
11 637 35.37954796224896
11 55 9.498720948913572
786 270 95.9481807178052
786 311 31.701102453808392
343 729 76.12701375956733
343 451 67.96983486223625
343 164 87.88425793122671
729 949 60.67751238134118
368 880 37.49539264603778
368 953 95.88451600579427
368 945 91.07160158181696
880 365 66.48749923437666
880 484 83.09231644089179
58 148 88.65084838189257
58 648 83.07732117344764
58 377 80.26924709222945
148 934 74.86127803990416
148 608 52.233035862526016
95 265 54.00978488365352
95 560 86.44020506721097
95 883 75.66730038395977
265 820 63.125250299129476
265 411 98.8648226235142
740 227 98.67535155268583
740 653 71.56166921216587
465 864 39.17606549215454
465 958 2.2570222990202
465 106 89.28634233469688
864 42 56.887776979963576
864 795 59.61450084815104
373 572 68.7380873879753
373 243 95.28893435729336
373 496 73.11778834237278
572 24 42.722719035316416
572 972 86.85422975342526
468 736 92.3035508144248
468 621 87.39502021786788
468 756 92.74326842817281
736 197 73.4611043711991
878 575 7.133223682313794
878 486 14.77924401891129
291 499 57.026893184013176
291 199 27.261961431965055
291 734 46.8691206812088
499 477 40.89301704512607
499 862 74.50878121163923
201 911 16.687993355117325
201 478 22.966097098380935
201 941 60.93106990394349
911 829 6.395907294969891
911 101 2.5543959937752794
652 741 97.11686025186245
652 236 66.03076062734701
652 945 69.74317059569435
741 526 9.512175357593655
741 366 92.0736513468168
51 214 38.324945369927725
51 860 3.3294335931774524
51 369 50.44506176823632
214 658 87.45760707442489
109 489 48.972711466845574
109 501 89.4417447831106
109 415 76.49200183874309
489 48 91.5755145313394
489 245 60.057225293036815
55 967 90.58477345138485
55 784 17.03023804624862
967 619 95.3548234984151
967 893 80.28087452151341
732 887 79.46353146366957
732 122 95.89577560804747
732 313 89.96546081875039
887 954 31.02050034264901
887 492 15.510038765012485
82 745 94.6093221452363
82 817 61.53885492310305
82 966 5.615435112724949
745 859 34.08050079865082
745 376 29.935006959342953
223 584 41.190479517590894
223 47 9.880306320196123
223 111 52.211492729815205
584 917 10.535665547467248
584 494 1.9613196136515596
336 543 64.9712760451094
336 582 3.580228728969735
336 143 32.22616499173914
543 412 12.971615347396948
188 592 5.109154825456557
188 617 7.437562855102987
188 819 42.106524764394784
592 737 77.33274397879309
592 865 67.97107497131563
152 455 63.93012863161577
152 298 84.03211649143176
152 693 9.48852207152678
455 135 31.831915754898322
455 763 87.78389878988955
118 379 21.88245575445155
118 843 69.90040388318859
118 721 81.15439987956483
379 537 36.18581847643003
379 64 47.36174378414133
447 814 75.29512839598102
447 36 36.116449686999594
814 23 60.10773181078058
814 268 6.947620689876998
155 495 98.17353240951445
155 602 32.25781947398026
155 663 34.06111730235591
495 327 62.66994164096365
946 278 11.670793887075202
946 370 43.70738079832713
406 668 36.234462179980866
406 144 55.52846042632658
406 828 44.45894858467831
668 676 15.631363582671518
668 478 74.5259598989946
170 288 67.53029102162999
170 169 48.35710545687792
170 672 49.62978172644326
288 260 27.858058840838243
288 982 85.42003231935416
509 925 11.21870550024535
509 153 96.88176728192639
509 190 12.212698879958776
925 269 6.56952547058721
925 605 57.236039879772335
353 625 78.05641416591152
353 846 44.0584706701288
353 39 9.71944644588945
625 505 77.48804876307975
625 452 77.60109115608647
227 318 86.73280369278163
227 717 54.43355266093144
318 47 63.90106486301294
318 364 70.41214445805038
141 840 22.414999381606023
141 970 72.20510477028587
141 143 15.028940437025792
840 947 31.366698141152376
840 795 75.15144313615419
453 694 43.59719085543486
453 635 73.74526344957725
453 669 79.32937110442428
694 48 30.64326455418797
694 955 38.62509729594878
182 657 66.30431161210888
182 857 95.28549144534259
182 154 45.56451292804272
657 914 29.96873972392191
657 396 47.08250089738597
83 921 35.137988898723876
83 144 65.25900606851901
83 610 70.02991548443022
921 855 14.981064948913422
921 863 63.50532847253601
653 793 66.63218527812533
537 667 39.611795363485086
537 578 99.24688152553396
350 991 88.31290131932239
350 852 19.743067413802198
350 956 72.76719516318146
991 382 73.06745350627779
991 702 29.09260589330389
309 564 75.14315480568077
309 29 34.33166823834514
309 940 32.61338502318563
564 818 38.70025287648667
564 845 80.7100793725825
838 963 5.340328617115341
838 345 32.8058638576996
838 365 44.62716625799499
963 677 41.77737774014174
963 614 93.33135010181672
386 568 13.61516664153604
386 891 52.4837720830186
386 114 67.93718242055986
568 699 75.67725122790853
568 944 13.118187741421107
59 585 12.271293160009593
59 923 49.37725713405244
59 514 54.5152687068376
585 562 65.1174977030059
585 89 88.05305311452824
200 950 24.973370308031292
200 517 39.444086455243934
200 554 45.55695631906303
950 892 69.817268084386
950 206 98.57458435013817
501 681 16.382625692252013
501 52 97.76821507842027
681 720 76.15441976499415
681 361 96.33968469555543
34 888 67.70516449971602
34 811 61.91117474595308
34 190 87.2715291684824
888 120 17.811630542670507
888 556 32.19101801496596
725 762 87.00552724830979
725 187 70.41033236253492
725 526 3.8482133298027987
762 186 45.4852740845542
762 847 27.5203267638727
54 165 21.17496446965478
54 571 46.185781577288
54 236 50.853026718666165
165 912 79.77538468916376
165 718 92.54412479388178
430 951 20.049321703673396
430 776 93.33102168685373
430 639 47.81142360240199
951 487 58.274099115983795
951 603 96.19286114936813
252 856 64.7789513279206
252 345 80.10701172948077
856 545 54.89761416252681
856 68 75.45784587541375
825 906 49.933137952222935
825 239 8.644327764661853
825 53 19.605973710612126
906 764 17.612679378651876
906 510 41.10142544984312
437 527 39.14613398447631
437 751 99.24166986651883
437 613 99.57725728767002
527 314 55.275197257934224
527 636 88.29785674257704
923 354 32.98084179920524
269 175 83.42636414207128
980 624 85.92826559949631
980 851 3.8459161720883417
451 129 52.22756503941361
451 982 38.4446345104884
257 444 40.86910985016936
257 271 47.875974374387376
257 532 33.016520441391584
444 822 95.44923687557684
444 35 80.95596690718104
231 436 28.956719467704705
231 999 58.41819716397963
231 250 58.3679173877249
436 843 50.527468224331955
436 87 76.75356597251235
2 63 76.30878309180964
2 905 36.49082964494621
2 853 67.57972233479386
63 266 35.991299160416034
63 948 49.65869138913994
120 808 84.13477544167746
15 807 95.15129032952028
15 623 57.496658385210885
15 27 23.76789510804971
807 86 5.126789450326131
807 649 31.936760491355354
90 394 94.56977595731816
90 702 50.53656736062427
90 432 97.35444065780518
394 706 19.298152284596767
394 50 60.557285837531666
419 932 58.40480351006706
419 305 20.644334079189303
419 119 92.49918322799026
932 533 59.71511001737756
932 525 82.48158061876474
205 757 50.79142228247848
205 651 32.30696412763547
205 319 90.27322999946811
757 695 64.8024713550858
757 753 43.83050239765993
243 245 30.28217659751042
243 176 8.973394135487913
299 849 27.902879303565424
299 957 50.773648034852634
299 714 37.42393206796479
849 776 41.44319888808194
849 20 8.101250404215474
262 530 95.5491261923439
262 706 34.87942792348873
262 399 45.40712258695898
530 969 3.686146914316618
530 733 97.08490431556358
180 322 1.6170973058257643
180 868 39.479605926293026
180 965 65.94156218670612
322 295 30.0484976170237
322 962 2.8516226561068136
493 848 94.17767172544475
493 323 75.33922798007725
493 831 70.62519638772883
848 919 71.89022997732185
169 594 8.581081455483533
169 707 22.79195412051618
637 792 67.92821812250355
637 875 89.03106085198203
792 977 65.72286598622304
792 905 2.3897761246924603
369 392 62.39078629775194
369 506 32.83779378468169
392 290 50.80392870401599
392 785 36.23013596977332
173 739 71.51890839360252
173 275 17.676927224933458
173 365 42.48339146751793
739 758 14.609948642347124
739 843 17.94620060853751
197 627 87.4922180534045
197 460 80.24162815912072
627 8 57.9703646126304
627 461 94.9045816994385
427 559 76.83090990461793
427 770 98.45811118632825
427 192 54.56359901237185
559 327 89.9814970489641
559 457 84.41620222578771
199 800 47.03848016014758
199 567 97.0784714182185
800 774 82.5839836018077
800 367 84.02298695745021
912 311 51.79110662657846
912 683 27.21505757407989
958 19 31.35922305210881
958 724 90.66923529475002
490 846 48.76995173977771
490 331 58.42884023920503
490 168 43.54620237803754
846 804 3.468750202321983
362 462 80.22633214329731
362 552 61.23745237688083
362 440 75.70632184185598
462 852 60.603437307668685
462 772 5.143484193891745
149 620 85.78173410044347
149 196 50.892138477108425
149 641 44.87641400810364
620 123 86.20210408397286
298 72 53.328543414741034
298 594 72.01204126121212
619 679 65.50391468636359
619 541 76.63099536649733
679 454 43.583577917460495
679 361 43.06784590830342
545 777 51.55304875720441
545 139 99.35664794559551
571 107 27.24259859405665
571 961 37.76714439082039
255 339 40.40028514363968
255 589 93.84364343925895
255 145 21.053011988148032
339 533 12.840863074807112
339 695 21.52648787250279
458 742 48.23930876025693
458 238 52.015985707229525
458 232 53.43915266374461
742 308 84.31709897750284
742 618 62.31741521937214
774 488 77.1651121101992
774 503 38.659785578776344
198 748 68.63424082783358
198 216 9.72418057059064
198 459 42.36023606125774
748 306 80.90040527260784
748 699 70.0523322223277
443 698 74.7783035251337
443 139 72.47277453763414
443 674 10.70815197407521
698 382 19.985872621818107
698 642 5.522934502698096
737 49 42.736269559004754
737 918 60.03369328372215
60 628 71.14868434665316
60 140 15.383091567865243
60 133 33.45535479690395
628 607 61.322828727863936
628 126 17.96322190414528
852 550 80.00813726117246
477 432 67.52563186912562
477 410 36.14936602732955
691 836 1.4579023430775013
691 279 77.32167769763034
691 785 17.01003579727412
836 617 99.63337766987797
836 596 7.846866884225994
47 758 85.54451466226631
428 947 42.96301539422321
428 705 50.72619351673054
428 917 20.394804336730914
947 191 51.333962547825536
216 217 22.19874572977952
216 147 82.42709251007298
217 435 86.23140417958628
217 986 43.25582928682816
660 969 56.325165967874526
660 48 68.94224081101424
660 901 6.983330870231602
969 738 81.41163356950518
310 582 59.930014884961444
310 731 17.723036334557744
310 870 29.461752995251242
582 363 95.80711604894807
594 726 65.91135154723956
39 587 99.96322304836859
39 425 39.92266258110248
587 784 60.47605103531608
587 171 89.43287948874453
75 706 87.5473741825726
75 719 81.55406666720572
494 839 72.4551216337403
494 355 99.62142811215142
839 560 39.78075802132678
839 101 71.78786193407514
463 828 57.76188885870693
463 718 93.65064079792201
463 715 5.9324145968688615
828 705 52.585978875674584
49 220 98.04123211613158
656 730 42.444292765232085
656 327 60.42751379531593
656 400 37.945418557744695
730 66 76.00304387900401
730 319 88.29497893981078
624 830 93.3074118682061
624 374 76.3089623938844
207 716 26.474463145311383
207 514 19.858250084658927
207 107 99.01673104183115
716 397 30.489867270169132
716 943 81.22892906486011
712 780 81.3435232888509
712 517 96.84558042281836
712 983 41.34078401608231
780 525 2.1628798819719828
780 4 99.60313048012341
163 244 42.734950537314674
163 136 75.20378995610182
244 276 51.71562381098942
244 9 36.667275059004304
251 962 43.53009473238884
251 709 46.38308121109705
251 210 72.90364319894759
962 510 33.38119952655457
566 704 44.40771110987914
566 979 2.4414071123458267
566 579 22.823916710461493
704 644 72.97268565434885
704 16 46.943178337093904
166 647 40.46719747765813
166 510 95.73460131781412
166 61 23.831922766317955
647 931 71.2105155715511
647 598 58.42962084714902
110 321 30.836411536682014
110 719 55.840980525037324
110 117 55.00829937109793
321 108 72.72991286720487
321 86 31.73876724397953
516 982 89.30655010746159
516 827 18.33483969138666
516 787 17.690457980233738
147 547 48.580124462361546
547 948 14.80073095472672
547 697 5.222099457712135
650 919 33.81653642051254
650 114 5.47705727328887
650 563 95.2946799225569
919 116 20.679047610633678
718 93 46.784090934407104
851 77 25.77609980424441
851 822 4.904620677250108
397 107 93.5692975542388
397 908 23.354897361926785
275 934 52.72559182335279
275 440 93.21964016751483
934 272 83.6696663375073
225 315 10.188930269926708
225 747 34.4306261918671
225 121 46.077203640837524
315 926 60.980195920526334
315 450 87.02882053979451
829 383 39.56055932751881
829 636 78.5563061664656
560 326 36.80872695875527
9 813 3.472791893039732
813 297 66.16459740717178
813 226 51.47902549874376
279 256 66.2996135846859
279 411 52.51431117015078
325 523 90.25002188067026
325 250 35.91670479479368
325 378 81.99553472930052
523 540 40.05163977963572
523 674 86.18658465130159
153 237 3.70153604969533
153 607 45.98197068986337
237 877 33.61731795716669
237 841 54.233671741986136
348 595 48.09624400042403
348 672 71.19194952888552
348 383 24.25494601489513
595 69 3.3377496884278512
595 588 65.73562210681182
759 933 21.282975745966418
759 277 41.499956747046625
759 333 71.80504826707285
933 358 41.427189238925905
933 258 36.05766276213635
196 324 28.626213452179748
196 902 14.491923895995928
324 573 84.27829524085587
324 123 20.071449338952146
720 37 91.42785962220056
720 491 12.125496990799334
355 688 42.93531821529516
355 664 96.5416805967701
688 429 78.6782866590043
688 167 9.018996412294896
621 924 94.17546462810544
186 260 59.47929008455949
186 246 54.92754129351456
977 994 71.84156070426725
977 452 14.837411433420977
708 795 50.719533841915414
708 307 36.234444583524436
708 968 26.8071180082463
441 808 44.39688078754425
441 50 81.63688345518702
441 73 17.9824632802508
808 121 78.07517107561897
693 376 20.791160767895416
693 234 89.90948404153684
476 938 68.65648948083499
476 889 8.75873173875168
476 475 74.53511562057754
938 519 60.02083860615442
938 70 85.63257954170051
590 985 92.47102616443316
590 177 82.23802689319433
985 599 83.61517156148287
985 366 66.99030883973442
596 546 85.1606065552846
136 233 53.61349045003097
233 549 84.1777788168006
233 889 44.559044534735946
583 904 76.62831523359372
583 492 71.93818007009398
651 882 64.87742210984182
761 765 76.86844316137194
761 457 81.7843268938548
761 670 35.47041403718894
765 500 38.45517014520836
765 821 69.08146986775675
859 326 69.67476127311589
859 383 75.66638972196918
158 212 17.733293156308054
158 966 21.705022844779254
158 692 61.747259046833875
212 542 52.45162541686573
212 618 96.06567117152237
470 242 38.754395539243085
470 194 22.316245886290396
18 721 52.19240875585057
18 900 58.104629844220916
18 743 29.78267960602045
21 895 20.836204681522446
21 157 30.456718826909597
21 210 47.31060033312739
895 690 20.07471245947946
895 961 30.302873404514177
387 979 34.42237950339335
387 842 16.475077124863304
387 157 33.22606357017934
979 893 76.8049374612982
562 287 93.14791256085107
562 184 17.747694016102276
480 724 90.54929613540405
480 277 10.121191975345388
480 70 74.29852102102424
724 993 75.22897483865559
450 500 57.65070874994913
450 623 79.5024354949752
500 613 22.03540551459253
617 902 47.34837642338275
902 416 55.09672680854607
561 689 61.7630347373906
561 142 86.88713641798236
561 603 80.17864251500765
689 744 9.238604001614178
689 442 73.8972912813791
239 973 10.944692328826337
239 986 62.15509093118885
247 750 47.52682844247556
247 432 73.44975558703754
247 986 65.84557722801529
750 824 73.44953938454286
750 469 31.5614065663573
218 423 89.90152823049391
218 733 78.16930458479669
218 363 3.0130068312069453
423 538 9.714970144952474
131 292 40.87217575864398
131 586 5.218877210632705
131 446 19.626159000929377
292 5 90.2948573157827
292 347 18.034878084102914
91 338 36.702744717791425
91 957 26.92520812775687
91 425 52.686307527659785
338 866 45.13420923993018
338 99 29.256854157696598
236 70 20.917976327115092
827 909 11.408537253029909
827 823 78.09875281261719
23 101 29.15110880759177
23 816 3.8381267770544207
66 473 65.05663315600354
66 274 13.863059946255811
473 290 71.29858193668176
473 747 98.16485283454129
446 638 65.2474115754678
446 89 86.52506486774483
638 6 60.17741621865351
183 633 82.09795826276506
183 793 2.3569507830988066
183 803 56.60950182024136
633 722 35.84567316825132
633 271 29.96109533107478
518 323 98.98154483861508
518 948 5.604908322236399
484 869 8.60169604793219
776 548 64.50498866543451
928 936 58.505412788846726
928 790 52.1606204407928
936 517 44.71854171206132
936 241 21.194660937444468
296 929 79.68631607276595
296 295 78.55776432316422
296 727 29.926639241230244
929 249 44.5185570447346
929 185 88.41786026838152
229 408 73.4360165022149
229 253 34.306119010505746
229 804 77.2884084068077
408 238 38.92717065690841
408 722 91.98412445734064
123 359 38.66442699641141
359 295 70.37382809102562
359 670 51.488250195449886
86 610 37.62181567071821
610 779 42.68707005001077
488 728 1.0728402317368073
488 314 68.31892689245493
728 258 58.44337814769952
728 412 86.8835135794138
32 789 66.64439803753979
32 156 59.78118445535514
32 601 76.90481489837435
789 5 89.81376130364436
789 622 57.46854949701304
14 357 99.37985951402167
14 346 42.83867814480995
14 459 80.80622086958478
357 16 85.34143617586969
357 994 1.5504165814697068
404 491 95.53960967192864
404 105 23.272578830405916
404 140 42.011841118650295
491 677 69.21550134888885
104 861 51.473300524291226
104 5 63.182729842232995
104 40 24.19053584252553
861 230 89.07909863590214
861 803 6.834552327137468
285 62 48.64052733914414
285 3 58.69196749831418
435 820 17.670482373833305
435 179 28.182268604487856
88 806 89.83703431253245
88 940 47.18789088536654
88 775 4.413867024976472
806 483 48.36910945977311
806 821 30.113514300498213
812 907 55.431017841344556
812 542 84.0974129921034
812 135 31.298816307009442
907 551 52.55983423504243
907 261 19.92616782058376
754 835 23.988385462445358
754 634 81.44505392322854
754 384 6.683981274022289
835 803 47.487631615595255
835 429 89.1163485317132
10 134 58.74641894111721
10 482 71.87647261602939
10 989 94.76653555717607
134 899 38.864905122567194
134 347 48.940178739858126
160 337 76.78458751936961
160 395 62.2825756552455
160 994 62.99510559080807
337 601 53.62323668523913
337 208 46.98134120537125
448 513 19.680901378304206
448 769 48.6942516799315
513 380 33.13546125507243
305 709 14.543792510352299
305 602 2.6116617489777982
709 941 84.54968735582851
142 464 72.1896120367946
464 62 64.5730841426068
464 910 9.129344109614232
167 614 15.481529757641095
167 133 10.15582388681483
614 658 10.318743896425449
602 388 44.1587876612944
137 507 99.31087565071105
137 941 64.14846411244619
137 593 59.10519550575817
507 639 63.20083412408098
507 954 1.2375109254531413
830 416 30.888006628058857
830 883 77.29246735168704
954 569 39.82322899810984
669 879 18.010717562163848
669 664 8.57266578197924
879 914 25.355147408354632
879 211 80.45453672360456
253 445 27.064134651370637
253 915 56.89921860782646
382 563 93.4888806594756
474 699 63.36532141708651
474 37 86.8465860950646
474 159 65.17378927013642
316 727 91.30782183395377
316 344 86.74784622616649
316 25 29.506169905513683
727 79 12.352126602052888
371 506 30.061484507173645
371 898 62.19413534331081
371 40 62.09832132670589
506 894 66.08258325552403
372 715 40.05738714944419
372 648 82.59213282479287
372 860 41.26433920341763
715 479 79.14534515938917
267 609 37.078383865476624
267 787 29.25631244801708
267 612 98.49784256939732
609 402 76.73461522458015
609 645 46.576223838967024
396 497 23.651059434279546
396 959 37.94386820435039
497 649 14.137774666086287
497 769 30.83994641078958
914 111 21.669595206993645
187 553 36.08928590552926
187 535 52.641238465053306
553 304 67.26350432897812
553 771 26.87653381830039
290 87 16.335070701865664
733 224 41.891198782479755
202 230 75.96870522747174
202 30 89.6031895283014
202 340 94.85078703936743
230 538 9.64946467911591
440 816 61.97486183560386
816 747 38.760133812682014
773 920 48.34969047923591
773 211 16.010572799739506
314 993 13.953512755439114
204 687 77.79284848358496
204 558 11.805269005166314
204 329 54.7108184355923
687 659 92.1239527067127
687 481 21.071118784487556
274 469 21.522543328956655
274 580 85.74989962076837
304 254 59.49154904488234
304 67 8.336534236813202
191 375 25.5852594403316
191 871 98.35590944748039
273 482 80.56387915907662
273 630 50.62182192025553
273 606 19.602541292662444
482 390 97.83892572654327
538 971 2.1738085138508962
358 347 93.73887195213817
358 192 65.99633561485773
130 723 64.44019593270014
130 567 35.05160585946158
723 605 44.62933792737013
723 984 8.896994388509782
420 486 91.53753767078656
420 824 62.5623484151095
420 682 85.5191155628796
486 576 41.65726009352278
722 331 89.5893009136794
575 593 14.119765080750277
575 556 15.988138318891917
842 508 71.0243742771742
842 896 65.7066601574802
542 604 95.46786709864206
286 822 6.15207345547127
286 487 27.579628927133722
286 84 21.384462767389806
363 449 98.5029661108715
719 692 74.05036366106518
258 226 24.2695526515738
172 867 64.99235522293154
172 364 68.03666324041868
172 171 52.88939115287355
867 758 26.17888539806372
16 611 97.01902173219028
287 28 86.42779506299973
287 909 74.9743750242163
0 20 74.13650666182919
0 145 46.29873356244563
0 674 48.9798661692288
20 956 1.6363503149780168
248 445 93.74782785192144
248 874 32.67850639099453
276 935 51.06236182946908
276 952 59.42218990221233
935 57 79.69294275236938
935 459 64.5572378882564
278 903 20.08530740273898
903 151 86.63374212863779
903 678 26.60110026469686
599 876 3.775088828639937
876 466 31.074072470059487
805 926 42.65630411036144
805 819 10.73599564894903
805 308 49.738989260853145
926 36 28.454006577433724
96 794 31.767161609510932
96 899 98.86593750544014
96 410 65.20791098907455
794 206 90.41227037593588
794 915 67.98254355678903
30 541 31.505682713706836
30 119 93.90049384960388
541 799 87.71048911655919
417 943 1.3219892342868134
417 659 21.984581882837734
417 663 60.85699625455645
943 354 85.2895598449661
552 968 62.20272340553558
552 904 35.000775720113566
968 284 25.50073438311554
62 598 62.47879730748419
957 841 16.132269622207794
326 544 71.84022212706499
24 121 35.30065466824507
246 263 25.372134201918538
246 175 78.20695624283131
263 349 80.20454103235613
263 955 19.406177988813123
601 249 98.59269566193055
970 235 40.078978280487014
970 407 73.46364151360437
36 630 92.01594200012943
242 682 80.11394763454426
242 64 11.953456299788867
145 631 82.04218965382849
268 886 39.121624843768835
268 884 72.95540821971278
886 702 41.31488312783038
886 974 32.99996978130832
643 770 15.632294009456219
643 853 24.72480898380215
643 307 35.07808690101547
770 111 66.88995800494307
551 485 4.868481216198304
857 303 35.269595489226695
857 33 7.04399924764124
364 245 39.10428985501379
135 574 44.80660539105367
346 877 96.15765777861616
346 810 62.029619951013785
53 752 14.581515473222547
53 125 83.22981446457918
752 869 16.905771387448944
752 415 34.37567635650994
607 644 15.606023588368712
604 546 47.21690325475945
604 479 64.26036131984861
127 367 72.12037561874051
127 29 36.3153974502657
127 555 33.93903347952402
367 174 71.82273634135855
320 612 84.70325261986336
320 433 89.36532242723173
320 270 81.29959703696893
612 302 19.156853924018154
289 577 50.28873685274368
289 102 53.35972915054694
289 940 58.866527622083
577 426 95.02635660724381
577 84 86.73599885772232
751 405 27.676400995949557
751 798 4.604226780461281
884 918 31.652273554692073
884 937 97.70989060104061
918 454 15.829621564556748
29 119 83.50305199845661
631 685 48.3865273474943
685 377 41.93747154649623
685 634 84.88951230786739
64 734 56.43252784128277
52 388 93.00094999030922
52 777 24.38149906953596
8 162 24.70962348745393
162 228 61.7353051049969
162 342 2.4032725527021253
228 809 18.658358258138094
228 132 2.3264094176062375
264 684 20.23208889921283
264 415 8.19891700469357
264 540 87.91511143470836
684 94 85.14640263391865
684 439 25.602553281188293
370 892 48.0572291593953
892 913 2.9082440931182933
524 823 49.77325042794282
524 987 63.20265506082821
524 331 24.6950987077635
823 855 94.76367845911966
966 642 86.04621219790486
175 550 53.839968961252964
550 272 38.31526873842523
953 512 61.93770920764864
953 312 62.00746594580439
920 528 92.73279945128553
920 993 97.0114523373119
139 662 80.47793245634539
567 335 23.436364396905983
644 873 58.82098430497534
398 680 72.69422468347791
398 615 3.011940858952767
398 534 22.152202338833572
256 374 91.99926889242492
256 636 7.868082752814912
714 378 45.434933873213666
855 916 59.701768555904735
916 213 68.31819848446933
125 449 54.57935311946194
125 112 90.74641286654287
449 478 63.471123015798234
769 481 75.00209808372237
306 92 66.99243318192224
306 976 54.54388629367786
877 900 75.96723013467474
457 632 62.623980185652016
374 882 22.29170858936129
775 922 62.03434770450386
775 366 45.67008471047114
922 608 77.56146582483116
922 41 91.56505266407821
333 376 84.98205893286364
333 670 5.939183043243382
124 662 27.910976178000546
124 297 3.8022453449138713
124 100 51.88146098783764
662 31 88.08013758429271
37 409 46.835670976112056
238 512 34.583294433959175
512 574 33.59036299170618
389 301 67.26113142566055
389 161 49.745330896026296
354 615 21.62823393083785
676 700 66.32877847488832
676 330 77.8917217406852
700 521 42.79246529619355
700 520 86.26074682212473
329 782 44.49101120305497
329 399 10.058314747671556
782 72 49.8352103864758
782 294 46.78564575450432
731 38 81.60891774882555
731 710 76.53966067562315
114 901 87.86166177513066
901 438 25.395114491663435
779 798 99.68117720433706
629 749 35.29761973031477
629 603 80.10283086630639
629 301 11.1005855564764
749 850 32.26955035702322
749 184 28.113104736724505
955 632 87.92999983648112
349 854 67.8626133212948
349 532 51.01228436016694
854 831 28.06707526098872
854 140 41.59286887591497
996 76 75.44427630727984
996 407 75.90730994497187
987 45 56.181830371529244
987 597 8.955765596273341
113 483 57.74881941326976
113 27 9.642721809822877
483 384 19.142518163438172
26 881 23.28347274304466
26 220 84.25343295885708
881 778 11.26745551751775
881 71 88.92592362162866
33 897 45.561421728119505
33 937 96.20386489088223
897 294 15.422938563688641
897 640 83.7240072618198
213 824 47.393359214796135
213 323 64.40309705346326
713 973 65.8823918362495
713 81 27.673954468055584
713 356 67.81313404485493
973 645 57.825132283868676
184 622 50.24885295292809
94 384 51.499351642415704
38 232 14.045562142072733
38 673 34.02592507483406
232 193 93.42371260799146
579 788 91.4245007470505
579 858 47.78641929953184
788 873 72.39185459016727
788 801 90.17227249380493
303 811 65.93983458724017
303 410 28.447344900950057
811 726 7.235756865855454
342 102 82.80490098550352
342 580 93.98793439608987
630 885 48.27789208848741
277 460 61.999317975332
460 818 61.376866197388615
528 945 13.067105209476933
528 35 94.68517688833963
639 772 89.08141287581871
164 308 59.45625976451122
19 760 48.38137633004377
425 673 72.1465952441429
809 646 23.46033128156976
809 46 31.041853324232036
772 377 21.83764091230292
312 874 49.609555383147786
312 569 40.638004388224715
613 661 79.40342850724052
661 126 90.24850622778979
661 756 42.83632342900318
802 974 36.48356022074952
802 43 68.2670935526187
802 763 67.26193137368627
974 41 89.12449898823606
485 738 27.880571119930977
485 815 19.666992799916752
738 157 93.73382068441134
35 891 70.2038220406611
891 999 75.41767707175838
894 554 31.35118399591915
28 664 61.88939817975792
28 666 92.64367621494891
340 666 53.700918691745834
340 606 12.77717606812135
666 492 63.20114123872327
281 615 75.43479916172654
281 515 89.4751379573969
281 763 84.78271438435483
598 302 11.441859338282324
129 939 82.29888266692298
939 4 59.97584966969932
939 311 49.68837797633627
611 654 48.79354822081639
611 56 18.780664189069913
654 667 67.27068781639007
654 226 74.73473636134534
588 533 47.28464402835402
503 174 99.09577104718753
503 999 30.996961494026078
764 42 56.043571862663995
764 469 2.3153686435130982
793 904 79.6320152473326
297 844 18.148612557255728
784 84 31.223105629360855
12 863 82.41999063710719
12 931 6.846110228836023
863 711 72.21622798083214
254 351 95.17649312477805
360 563 80.77765277805524
360 710 88.57120320406125
360 272 75.89941808548306
319 548 71.08306514238491
844 442 81.94319415160497
844 405 51.495896492448075
317 998 63.88351624404947
317 597 68.71933386720487
317 301 15.01384813517887
998 177 50.20093173150569
108 539 44.921537098603345
108 981 77.59316168464053
539 43 31.21960478926558
539 56 88.87742398055198
6 589 6.687716726164251
6 176 59.73213958617635
790 952 29.00550621988251
790 768 43.688774306680585
93 635 91.93155763265759
93 313 68.12989477357105
635 195 67.24062226664083
540 735 5.062021166908162
735 910 71.88703049822946
735 511 73.72148548467965
72 240 1.8674221437067893
521 976 7.3227939055079325
521 221 16.39937043583508
976 61 85.95814764457552
100 981 15.49823085793443
100 307 51.16213048158713
981 671 42.80510493152115
466 804 56.49438270006841
466 913 69.4706614283266
659 472 72.914478499029
234 92 86.32830737444495
433 710 64.66747098036618
433 548 68.40551460190808
335 438 57.70101840512209
335 616 92.94605013733629
438 988 85.36061966057406
931 616 80.40998581007692
508 71 28.99645604546315
508 606 47.75895304354541
771 826 65.73251389607866
771 678 39.41260657498877
593 717 46.64351691627953
89 797 88.79001501508353
76 418 27.326125417795456
76 535 56.487360616791655
71 847 74.63539770606195
847 832 74.48340827267597
211 677 94.26486453526933
61 313 11.921387884127254
344 31 24.437620346222072
344 801 44.1220209083609
215 241 60.17808294011628
215 756 51.99257410809664
215 989 62.79889017085414
46 597 5.519756641909254
573 138 48.12559131561018
573 868 65.31395359997258
815 479 96.05648715672997
174 220 31.865559828641903
910 734 73.89567275622301
663 983 61.30466074518611
983 50 21.851997283811507
874 400 47.688483423449405
623 959 48.62380824007404
821 984 32.88549188701087
984 112 34.515261473457116
27 504 36.847450256010646
504 743 11.718519401439558
504 850 90.46227768833431
472 648 83.38123902806878
472 282 52.01055337321368
294 645 32.461360618523074
862 798 17.50406430477027
862 965 61.10083077130267
105 219 97.5353671665174
388 132 78.7627060740038
898 85 80.30828668562233
898 106 83.6522723547946
498 972 69.33242966897362
498 519 67.06504622850068
498 889 57.980079131134914
972 866 97.11104075125405
77 520 23.6247515083315
77 159 59.50248093224423
520 69 83.28227013566612
224 544 7.003898255724922
219 532 8.52865447028708
219 868 79.80599064476189
743 334 60.46885336028393
431 707 30.555166030129183
431 414 98.38018169438433
431 156 86.93210344729296
707 352 99.83308867280515
270 103 29.746507086261072
57 300 2.152717546860961
818 79 16.967803686436596
671 390 95.61143790098735
185 875 14.20632216026227
185 787 11.069820742303463
875 535 99.44178999967097
569 717 25.8165560752424
4 949 12.225690587149819
949 873 10.811311025932117
882 885 78.99191271612287
195 380 42.32148271784465
195 300 58.462768374539486
380 576 97.82785571564555
260 586 21.169647692487914
634 942 77.17163529819953
942 378 73.09938934561045
942 913 3.183996382428255
271 74 4.620350058532504
831 409 71.934100258319
496 7 19.88055045274482
496 81 56.854981002928895
345 697 78.02560119974811
832 177 55.2600161477812
832 97 87.94504104041926
866 865 3.1793187318021348
85 961 32.93322218857192
85 988 17.205847173407406
159 908 69.75026710893664
156 555 45.06437339272612
25 678 30.035908859688945
284 17 3.2330157686371663
284 826 38.38088305773279
249 858 12.84484989263917
858 461 49.914602878473225
819 351 20.458095475325145
514 917 55.76142151289463
414 399 70.80883744046083
221 744 62.00623428908954
221 701 39.4206418485969
193 356 10.416990758340898
193 334 26.269149203485277
429 990 14.701293464176093
990 549 10.188613674060864
990 132 59.33248194978387
896 989 39.88495181606896
896 558 55.85676410383519
402 640 14.139423444899444
402 622 82.64834728807514
640 632 25.332930632115666
726 341 42.538403723187045
988 390 20.111519843547285
161 658 20.794617538668614
161 266 29.72130933543456
519 168 25.439445855960468
481 701 42.5932198408145
701 576 72.36969868101251
426 467 60.73103069187283
426 965 4.13086326396607
467 352 5.4299987482052945
31 409 94.25741716530379
826 711 93.1550531848178
112 151 40.64001713991193
122 411 14.71458245206334
122 73 52.925405773453534
179 208 70.87174194654425
179 578 17.619885948226425
208 556 35.55379284106482
240 711 14.537105016621313
240 697 28.64014274589138
203 959 69.6345310120601
203 534 13.460500532916052
642 206 12.468832919216911
850 502 23.112478136859114
672 74 6.82169327924871
17 845 11.843366690453715
17 522 28.837375399508293
92 753 82.60832601792994
250 544 11.578939812888647
375 454 62.278310380239674
352 885 43.23819596085584
785 511 89.06102250937063
67 235 53.16325427934753
67 515 97.99620338203417
235 407 65.16290954526195
841 351 47.14272553192594
133 439 6.339458110773752
439 682 36.45046257057092
282 760 62.41644603256191
282 3 21.869000071281125
760 930 64.37803183861561
7 194 43.34707738598502
7 74 10.705866399827046
526 555 83.10509557961514
690 872 27.908680798025472
690 78 33.249910667748935
143 817 15.371110469493383
817 578 44.773452355771376
99 810 58.712879516254496
952 522 24.113825938360307
171 797 9.925045893403071
797 641 63.03585357957051
692 909 85.90340190725942
558 412 61.0408849937058
872 505 35.53210821404305
872 452 48.506363794768234
192 302 65.32935888924149
616 646 37.777452302568555
511 586 28.724433540959527
117 87 36.89689356306294
117 502 59.35368311549169
266 138 32.65406992001037
445 69 72.18455418810929
81 505 49.04312317102099
899 341 91.30491497607865
56 865 88.02124293696521
41 580 92.13959034172906
194 705 4.645818977333555
673 900 40.42688957293372
40 768 42.35058942056287
768 870 92.33416918598154
442 924 29.485797057426993
893 78 2.7089587082123936
106 45 75.61559426684033
605 330 37.14383569935164
554 883 12.312697899631297
591 753 24.665295964876712
591 176 5.541413046441367
845 418 81.05874567805284
641 777 18.267426055130887
154 626 40.02117396419766
154 683 22.41023355613626
870 103 76.12729714506054
115 475 94.74741516783865
115 210 26.210994918290147
608 116 54.05102195229281
334 534 62.52213314577511
73 937 7.065691463277854
116 799 27.495227810425636
799 97 59.276523496211446
356 956 60.70145496058816
626 924 65.16520425290632
341 778 40.74968019323215
103 80 35.771869486717215
168 871 88.86742226952903
151 330 40.89374896808223
860 944 52.84238919952665
915 3 40.62404475781474
944 783 60.539945591537816
589 68 53.37602592977212
68 261 58.806728565613334
261 102 62.62315479171444
138 667 69.24690060483829
871 905 47.28883367106066
45 783 73.83005333924093
78 97 84.17221894958915
546 801 57.021004785540775
783 300 90.70037804155676
475 418 5.138989412742177
522 930 95.75798694761689
