252 721 77.28614826575264
252 442 41.47443554827301
252 89 71.19240808964061
252 218 26.85240888063567
252 375 55.15020683109273
721 205 76.42063346967961
721 6 90.84352886694711
721 489 53.76266535446217
721 385 71.91069550176017
572 810 76.84818291154146
572 924 10.863128316716232
572 604 5.580129931281062
572 630 21.156920288265443
572 136 61.76710570106433
810 680 19.89723175938283
810 265 39.361613429028885
810 778 59.86576740215464
810 605 39.78444699860405
240 894 14.512806546982612
240 525 10.628572384602238
240 78 62.57693810290422
240 512 25.932490722947776
240 40 6.252370787841176
894 96 58.61182265074963
894 372 3.922858908916883
894 344 14.127668556983366
894 598 81.6188246021081
461 602 44.37603628118874
461 393 68.97754976343953
461 7 70.63651322519887
461 812 77.29391388565685
461 499 79.39798784683032
602 222 66.5628387514184
602 818 25.910907494522032
602 676 18.878382013077886
602 15 54.64092466202125
578 660 37.10876726981804
578 167 15.930889916887235
578 850 2.3910714893842804
578 527 48.369801036871266
578 191 15.15916928552042
660 790 67.86120653737181
660 475 68.18099223040514
660 584 30.27699762402993
660 36 49.18687746615435
8 746 95.31181764212832
8 788 58.39968056427659
8 78 58.36424158258057
8 992 27.821164161409257
8 293 95.91102281477163
746 355 41.23385291847795
746 218 67.66643817408452
746 839 26.265422020138356
746 656 14.87237924116006
480 935 21.6910620809741
480 551 24.51422170592297
480 585 38.676472142960094
480 76 40.12937351968959
480 992 24.455777815313674
935 809 32.11496591490457
935 855 7.010729260922981
935 723 92.55563561229245
935 241 69.06084944376218
708 887 91.62338889013029
708 716 98.35551231930977
708 971 57.36765566190584
708 418 13.12568119886929
708 561 55.16084830677633
887 129 62.11547863983622
887 305 12.627884026140764
887 293 92.13608057076415
887 440 40.21980615927443
716 872 17.158735470414268
716 582 19.17430213135242
716 617 47.362478796279554
716 281 32.57326037346023
311 525 13.152293364760778
311 282 81.16761788440964
311 597 63.42761444732538
311 971 8.953208332842962
311 881 39.95810094776352
525 156 99.78466561773115
525 454 55.15251518450822
525 204 87.8089284439661
77 864 1.0680099540658725
77 204 99.60819686236172
77 971 63.32179534573213
77 797 68.00516061161758
77 194 64.0283754921965
864 337 27.33755853377919
864 388 58.71482690479611
864 197 44.75282732333937
864 571 19.49043914731126
674 786 5.0426224131939605
674 221 2.4990401532569595
674 892 9.14085836180348
674 998 75.08046562139285
674 277 20.32386282152592
786 877 45.13281870226565
786 503 97.6778899340401
786 625 5.351946601079172
786 879 33.447164600059196
747 936 7.9296810015386505
747 170 35.486320992974086
747 97 12.284287292162949
747 904 53.782442815208285
747 386 91.46079257398989
936 61 69.68922067641526
936 330 13.568316238017038
936 98 64.04341259259945
936 828 3.958383116378638
33 154 59.50306033296814
33 402 65.33872019421666
33 652 71.87214901790138
33 662 17.26155325510201
33 298 46.03040668829943
154 490 45.68803299837684
154 285 52.21179459863765
154 136 20.25818233483891
154 223 80.1852407801226
474 918 47.61130814968426
474 251 2.834398620956113
474 0 76.63055035367395
474 122 52.47191346847403
474 374 7.794134777509829
918 876 75.97925273644464
918 48 13.070559202468921
918 574 77.3118348387355
918 794 53.73934046892703
137 273 37.40217564434574
137 233 47.80183897420848
137 511 21.688292623413176
137 585 12.337168380100488
137 584 32.65654957418236
273 829 23.704043250945976
273 43 10.006388163386195
273 506 39.2945180268467
273 208 88.69324162383606
686 949 77.8077072583018
686 173 32.47389874852876
686 114 19.808353253972825
686 665 28.601157079903516
686 481 53.87624465960155
949 232 59.52089543633572
949 878 75.39155001218111
949 954 84.30804898103935
949 850 83.99374493359568
69 380 66.60762775164605
69 635 61.500135188485295
69 287 54.55766947747734
69 451 76.41809109238274
69 397 34.656157588398806
380 339 22.816379666167308
380 527 32.34897849973722
380 820 41.924613830348875
380 386 63.957560615267056
752 984 56.045835967685804
752 528 69.25210532666932
752 97 7.3440762324746345
752 955 48.08280474257559
752 316 51.79996511710693
984 46 27.260192989499462
984 359 97.16499972077824
984 677 69.93826362731035
984 495 90.55002049484743
876 701 34.87937465417698
876 852 13.355942197561786
876 543 65.4391308569987
876 755 54.446323029904015
588 648 74.40542579523182
588 40 92.39484306240736
588 616 87.61808011858484
588 324 37.20212863079289
588 997 10.086732040629933
648 515 86.13094250352181
648 219 69.33808232480247
648 101 56.85030719898112
648 75 87.75490404535638
22 802 47.3694753402537
22 35 29.244157688670356
22 555 76.69090526628169
22 362 58.842916962209394
22 623 3.614643689457863
802 661 99.15974617743522
802 777 5.884047316259339
802 623 40.80063493132578
802 527 61.63083468998587
39 309 44.01330215490148
39 731 14.148612428975381
39 120 43.98400933159479
39 487 31.85588447712063
39 860 15.242882089148992
309 827 76.02531671170216
309 904 51.63124602549428
309 634 69.36774524513989
309 301 30.71210227502303
565 866 44.04485954137274
565 293 94.50643071432995
565 435 80.67259783522506
565 529 33.097055718103775
565 548 1.7377992948458223
866 246 67.14572393011291
866 898 6.116390816345083
866 592 18.88365291955616
866 538 90.75998695139968
215 354 39.253561757312156
215 220 48.680988778056026
215 241 36.74515554390111
215 627 71.5129414551947
215 667 47.02952046093416
354 106 91.66455404616292
354 972 94.90549115867958
354 933 99.6032163072479
354 776 34.93262926441153
699 996 91.71149051980227
699 587 2.0718975887072175
699 349 20.009045873001092
699 497 48.887236638614844
699 200 67.31233306803341
996 781 83.55222951872294
996 280 84.88468775205097
996 25 27.850355876809434
996 730 46.97162597987434
629 816 51.78102224595659
629 366 94.24912242101848
629 820 2.0884083403253135
629 331 35.031153851977926
629 254 13.369064374002557
816 567 43.820076696621435
816 679 28.714797580810014
816 662 48.20487736362071
816 560 64.18079628711372
903 945 25.10286491013624
903 6 13.004261291057249
903 670 62.271895750338594
903 710 60.37163591384884
903 486 71.46340370190696
945 284 47.03492659890821
945 23 3.881391524446158
945 57 23.912989058202847
945 94 66.10407022678399
425 709 60.66654013184306
425 109 2.4703917215195124
425 689 76.14367861006284
425 166 30.043384332810874
425 439 68.3473661859316
709 869 56.366212424194735
709 253 92.44267981628947
709 639 18.03634932478773
709 152 38.919866540216574
279 294 69.05577279914539
279 990 69.5053118158658
279 920 32.17580573173058
279 799 86.01787466201611
279 769 49.65931365669402
294 682 77.45278725266164
294 793 75.33466823314481
294 357 90.00959673823273
294 440 26.02787456865125
605 689 85.15811911476516
605 834 58.88302568078702
605 678 90.95707493505023
605 720 43.9944283521138
689 558 41.24730705167514
689 690 60.303438248080646
689 893 53.553434663612805
643 825 66.71458194881313
643 99 86.51391809311039
643 910 58.47146015428827
643 40 36.884185989125044
643 898 61.19292429199173
825 718 86.64370839922967
825 15 27.895238472256352
825 237 99.67083200085492
825 264 9.529724832413638
365 472 45.82510014227077
365 206 12.036716017744954
365 656 95.82339063632807
365 446 62.24281106601656
365 590 7.831417579816158
472 87 98.55560313421445
472 930 98.10598930839866
472 493 93.52739235172017
472 432 28.26990732916029
97 922 97.40262114487136
97 140 2.2293088834848986
97 272 18.375256030666016
922 604 4.712019910663865
922 217 39.53869856707105
922 164 82.10590358282317
922 1 97.59236440684397
793 882 9.783494461120426
793 566 85.83374088750783
793 420 6.972304853503813
793 168 75.54681006971289
882 434 3.215912782855871
882 31 49.968418998640885
882 268 77.65055582157288
882 567 32.63155414433767
260 271 67.14458685666322
260 282 56.72955983744969
260 285 97.00792756998732
260 254 36.297283562127376
260 268 15.847163736376183
271 791 99.60945365148886
271 35 8.35775944492326
271 410 42.43802424652893
271 658 72.19452028409847
488 734 88.71335090147694
488 633 79.00239985839826
488 691 51.30541186829727
488 921 86.99769990099651
488 896 62.685699087226624
734 85 88.20113174253389
734 933 1.909168941116686
734 754 60.176005315002925
734 102 83.22652935881112
267 705 14.71015600915023
267 834 30.898611129278553
267 919 34.7767088959048
267 690 80.2393594287163
267 87 54.43312674642689
705 114 48.6903242183557
705 790 93.75642605774841
705 246 43.290249207969715
705 226 99.25345840044635
414 624 35.384116512036805
414 34 67.89319470760752
414 87 74.51219144298733
414 189 12.381647298598384
414 627 19.164129293440265
624 822 36.639569424306586
624 183 14.407014069557256
624 986 32.839707560737466
624 978 60.26615943658439
72 466 31.455991927472137
72 791 25.28802844531174
72 76 19.500099097885226
72 115 37.78801991089436
72 504 69.49179809523251
466 815 46.055840371136114
466 162 32.384094742809324
466 418 35.2801354889846
466 70 86.93273827503987
146 402 74.86404272212583
146 620 40.21767504914459
146 1 43.4216590646946
146 396 30.94364221136561
146 675 78.11558252792935
402 751 82.42599196384896
402 801 58.264666050029355
402 66 61.730533948439074
517 726 17.96271222928234
517 792 74.43508188471347
517 30 49.102740960800304
517 577 45.62756837156802
517 773 51.39585263179454
726 817 5.248480121477028
726 604 87.77059245270743
726 785 59.91371166006874
726 81 25.04493933090986
576 808 4.91564862309512
576 761 89.29133540683709
576 153 37.76939853074513
576 838 37.27409446256794
576 148 67.03408960022816
808 369 80.75112489867875
808 800 20.298430291923108
808 459 35.45526932461687
808 247 82.14610927857214
760 799 66.96871389346471
760 641 36.96956995329027
760 904 24.312606587016017
760 645 61.21156084864259
760 51 90.99072539448738
799 389 72.1395348154011
799 784 6.518557120952076
799 507 15.36862433683128
188 979 87.23918506117631
188 49 92.20467694506223
188 317 66.70663899569378
188 132 73.26413158888593
188 91 65.43044507894095
979 465 17.215931763481503
979 960 18.370933127119613
979 155 37.12175751326763
979 767 46.017828411610324
744 953 39.48966595804345
744 917 46.05969380467466
744 906 79.56201529115229
744 818 72.31944116566905
744 600 7.973921352287971
953 281 88.09971692214152
953 913 71.55005623983011
953 219 36.3974768174259
953 9 88.23031039205354
63 156 58.40009369786868
63 672 81.0913519666942
63 463 62.09585644934667
63 956 46.12349864436686
63 889 75.9021632120009
156 550 91.86723888813638
156 658 21.568851617728537
156 30 55.428643617475146
192 406 24.45557711741037
192 120 53.49786357669604
192 764 17.64551404921866
192 234 50.28428284818565
192 37 47.928347902424754
406 487 27.089237245403698
406 31 59.81786035097821
406 790 37.90005835953486
406 613 68.41494766073009
360 930 31.12130004702168
360 328 9.136840193064911
360 779 40.6899853363411
360 128 95.74986216625508
360 798 75.48947080323853
930 718 68.68245132605685
930 390 26.321137324899034
930 510 15.067665711276685
435 826 73.97488041207389
435 203 10.118594317272404
435 647 67.94249541624139
435 762 75.68132129588929
826 794 70.28850009955144
826 745 19.923529998009652
826 123 95.71391636720612
826 258 76.81532429460302
328 651 11.22582162190042
328 314 68.40477739431083
328 755 56.215440182334106
328 400 63.64756872371112
651 3 44.82485982294512
651 569 44.43941438315539
651 563 15.293131873559394
651 369 2.958957523600496
403 805 57.315983500425446
403 456 93.50125497743589
403 85 79.2743557764554
403 635 92.96774611826554
403 186 36.39631433635517
805 946 37.22464470485954
805 833 47.99312224628306
805 778 8.091634675535799
805 103 6.542630372784561
796 852 50.72659378571532
796 868 71.94021183092488
796 761 25.141415348065074
796 801 33.602859818253194
796 532 33.51191313680781
852 664 53.82544261371595
852 952 70.8385488755996
852 269 8.054726565318493
376 663 20.445045240204532
376 440 16.053582598858625
376 948 24.65161171780576
376 881 14.229891340792475
376 36 12.992611028602036
663 537 66.60252691174645
663 251 52.78960329364948
663 431 6.18626456515683
663 923 75.71367094900232
361 575 46.454899329476326
361 564 86.67262878807927
361 412 74.1670426536383
361 756 41.1086988431858
361 547 93.63751978405752
575 316 85.04411200782536
575 668 88.08281647871378
575 4 69.46398962564838
575 499 78.01004477764138
30 947 98.3761018374423
30 5 68.86455975448808
30 337 73.55761075015943
947 52 80.1154690058114
947 650 90.3646189851582
947 495 60.26407205802852
947 595 87.28290205666744
994 999 57.01200751316276
994 989 2.8473665801227046
994 710 67.55630786887171
994 616 80.67258543373674
994 247 1.508639503574599
999 514 30.497663834845703
999 26 42.91349465022625
999 503 72.18931060946178
999 502 16.64340431540953
277 473 92.87590006349691
277 556 34.671464371461774
277 552 16.075849575278323
277 863 53.878393790689266
473 93 4.006717764602998
473 531 50.983510774343735
473 258 61.123293256811365
473 685 42.888361635523786
460 865 23.4326218120281
460 296 89.28401960794285
460 105 7.586513957947111
460 367 27.280206524976855
460 287 55.860770618097874
865 720 88.21674871799985
865 731 57.78740872076221
865 107 59.13358489251049
865 693 65.56615173727708
65 985 63.64915685811582
65 534 47.373209964574784
65 513 19.574815519086027
65 946 34.51554627596536
65 713 28.827086317280862
985 804 64.04185014064373
985 613 30.377248084243078
985 857 21.9865363508052
985 160 57.87563123507673
300 974 17.63225716991734
300 562 76.93341744446047
300 60 29.07660473971107
300 869 60.22710137267148
300 707 30.612832681229463
974 16 69.88828698853773
974 26 99.06845255980367
974 628 92.57423273533288
974 537 35.35448361447213
815 68 96.3349283269947
815 88 14.746539892780472
815 729 36.78711677510182
815 860 75.11956291851837
175 510 52.50709492442994
175 991 57.576151829853394
175 990 30.278021029574113
175 441 38.521388162380646
175 23 49.60456628769998
510 112 60.48799825092172
510 969 49.54993786067938
510 977 95.2943485172562
163 478 88.82427892050889
163 427 21.516420031384747
163 62 55.592205873994715
163 555 70.05461402043282
163 151 38.14076828077036
478 724 54.251746566242105
478 477 31.522073937558744
478 144 71.21419877368561
478 381 88.51426775958682
733 875 30.25671715743392
733 13 70.07431263493433
733 130 74.96630753058177
733 483 11.263410541028572
733 732 72.65368625978505
875 94 73.5105546700558
875 443 70.48855674183942
875 906 74.0690965708576
875 638 64.45313230222051
100 514 1.7293399254556223
100 23 82.46425380040841
100 47 65.31551307894802
100 972 10.515320869873598
100 717 80.02744050269554
514 527 82.33013259964858
514 775 16.349473910365717
514 437 59.28404146655572
426 775 63.13734581707352
426 429 51.92726623699088
426 355 82.66737837223287
426 905 71.92387862939343
426 512 82.93851857575947
775 563 84.00754441166131
775 976 20.651860744832987
775 767 78.20870777676578
724 519 28.401985495926237
724 655 95.04816542279612
724 916 96.94424032671508
724 541 51.41114676854014
136 789 79.2992843567327
136 954 59.92230639150082
136 836 94.4633608557636
789 189 8.844464595055385
789 20 84.50321625148965
789 756 58.77649872438383
789 545 28.61654522279497
362 504 27.670247602735188
362 490 25.941107548067546
362 397 91.85279943769672
362 238 79.65386028796581
504 880 95.90819097883087
504 479 77.25955816586678
504 470 64.70561506039229
237 914 78.92233375125014
237 857 78.06160570819338
237 5 88.32952017246701
237 772 13.364868679839754
914 221 93.23521178634067
914 12 86.27266876491092
914 653 1.4134812194343374
914 209 35.86231704784711
147 781 48.43614378527856
147 111 29.771419248366747
147 520 81.25216053774868
147 67 43.02513932783198
147 320 65.71266127308856
781 178 55.903657909457394
781 642 2.9083943193004256
781 593 37.485474077601936
242 607 69.00650646398023
242 412 94.92668795165551
242 888 8.037429467122266
242 902 38.03497168438305
242 491 2.0881759032258427
607 298 42.186413646975026
607 806 43.081400083885974
607 878 3.788188117520744
607 241 46.0460759659683
96 995 77.6403552890202
96 581 21.970340877082364
96 377 15.046651356790623
96 732 53.683446597216026
995 248 77.85393201290431
995 677 86.41926501228282
995 95 13.797786883181175
995 408 85.01970878771628
226 347 26.68553947397521
226 387 31.425111881334423
226 352 68.97526713618754
226 513 79.20687720266284
347 946 40.28617209122511
347 283 45.843109185758244
347 325 13.825493743742983
347 191 19.51154820055677
232 601 25.994479923327173
232 121 41.93150775422873
232 103 5.090270952589059
232 283 19.46098374170966
601 272 63.4772206948492
601 374 30.92676677404064
601 636 39.82500935449758
601 292 57.6922597244871
67 239 67.57568184660263
67 998 89.00739590911117
67 36 5.282509463357746
67 249 42.899865207172816
239 413 91.20099253080502
239 587 66.9949765329967
239 637 44.60750248876801
239 851 78.21120316270844
71 90 94.0499126818055
71 417 92.42241287744591
71 198 92.90017513782517
71 373 77.3362936898656
71 785 7.859462469815423
90 811 13.74931671608894
90 780 99.23569636841107
90 292 73.73441512708848
90 259 70.40534330001383
492 923 98.34481124571086
492 836 70.18491308141154
492 46 36.16130503052616
492 961 92.84536815235433
492 276 90.76230998487642
923 20 85.22480762227188
923 431 21.957635947810726
923 861 69.21309019011227
326 683 15.534703035691601
326 589 32.58279511207466
326 454 18.30120011482424
326 95 43.89339209806452
326 342 1.1844355738217833
683 617 29.668729098429086
683 803 58.70455315209553
683 484 30.195089531718452
683 728 37.08330108577271
417 862 91.0637494288435
417 546 51.10722715304467
417 522 57.351726886862565
417 770 87.17586770341622
387 821 80.44921467846804
387 470 84.3798371955029
387 813 79.12967707849556
387 870 32.42867126213974
821 1 78.82716639482001
821 168 52.15962668771882
821 644 14.490498956384272
821 596 84.69487680579543
341 773 33.92353639986875
341 862 21.961409808931656
341 151 13.621303704911584
341 515 2.361305405894619
341 776 75.09514375705149
773 650 61.63058759560744
773 926 10.031231038140962
773 149 34.72558042020834
344 897 6.401043895898658
344 206 60.46526974589196
344 965 20.491854510264865
344 127 45.109303786092205
897 745 36.50894341394269
897 554 28.59612827364192
897 276 88.67870179620596
897 278 46.67206928826249
718 322 9.801045938637923
718 119 70.78001410134169
718 145 7.638961626988152
203 138 68.01112364685837
203 280 59.65387941125226
203 248 62.14688450343086
203 306 55.827641175503864
131 174 42.64490210032818
131 714 31.635388888802733
131 809 42.13176025900589
131 925 85.8058457439715
131 351 13.351821686518331
174 27 6.26823416456557
174 243 44.84452649071341
174 140 43.40546734739625
174 540 14.46088043129562
49 476 47.57399829094535
49 740 23.72923898275034
49 920 30.703021313782532
49 184 5.418873336045044
476 356 69.85132892374038
476 925 43.25620408915004
476 837 17.34788712407295
476 477 38.83402659124309
234 429 80.5389702883574
234 468 1.2372073877743515
234 102 61.268313509330376
234 723 86.35381939892478
429 320 97.92783796280918
429 181 5.197110262018212
429 167 20.63154849581199
35 129 79.0500613096496
35 732 60.056488028785175
35 645 65.40729824059542
129 637 8.665266522162325
129 684 48.02397906847773
129 258 18.878668923947238
205 983 93.98640306391974
205 19 32.58004552317095
205 584 29.137905748264714
205 245 17.07289872461646
487 66 96.56443381125122
487 589 67.19623672229787
487 562 1.5880730689732152
235 454 85.25921395296008
235 254 88.037305033901
235 197 65.75256810931069
235 614 72.28293687952304
235 583 47.79080235876744
454 105 11.709646369513456
454 220 56.355123908676404
553 583 30.079697627577772
553 558 39.96268037088417
553 712 73.40716468859819
553 292 90.73516677934614
553 108 99.98802825801945
583 185 86.1562904954642
583 253 26.691997137499566
583 896 49.998930626100965
113 200 99.22799197491211
113 358 20.41770896331152
113 38 37.52027194553261
113 494 68.24068089381893
113 110 1.4668716275054603
200 479 37.276216963923886
200 792 60.65650044426427
200 446 85.16412230796499
829 839 82.67857983031529
829 490 31.960227628742782
829 299 53.125767138792874
829 166 2.143846311658961
839 636 27.284035789648637
839 759 89.31541120448759
839 164 47.65851038764594
167 928 57.65328065713817
167 650 83.4475708755404
167 719 28.199230567710647
928 838 4.75715873266417
928 803 46.04655375820709
928 245 36.2230362119944
928 646 43.98978151111005
470 636 40.18718293701099
470 849 34.255006481435025
470 853 71.25638243723498
880 823 51.49655568729943
880 287 64.08413987433349
880 729 37.90867308710554
880 901 94.72529141407281
193 411 41.749222034826076
193 779 41.12688368259328
193 124 38.71239027485364
193 712 65.27138409998192
193 491 47.85458551553213
411 456 68.07898631791646
411 340 5.1298666056305775
411 79 15.736640828224546
411 99 32.784145791733536
437 933 79.24483739962449
437 948 4.7415395998224525
437 600 30.84980833613029
437 64 65.32027388153745
933 550 89.73928997107355
933 315 33.03162372271149
194 516 33.42569836070559
194 14 50.70516105448294
194 227 92.49095128290256
194 685 47.53715056062182
516 45 83.42755679096874
516 340 31.810220681702962
516 84 27.244205872399196
516 27 4.2274469886071175
295 763 6.660012837599416
295 463 40.901950063209
295 564 45.56351968475676
295 547 79.3950387448076
295 446 44.53274382461284
763 62 77.03621083221117
763 819 60.69588185453784
763 36 78.5938906257845
763 804 88.57273547265969
540 700 87.24240827667158
540 153 11.626944581904809
540 183 40.37124399818464
540 858 1.7127067422009503
700 611 68.24120366984069
700 157 88.39602568854077
700 782 32.714182195731006
700 630 36.306873844356325
85 795 74.99976754119419
85 536 58.840932287532794
85 685 33.95095276596862
92 608 22.115601733727924
92 64 29.66096280914339
92 272 85.30742460412995
92 124 42.71707838133384
92 41 90.00060753023553
608 851 76.9574101446369
608 632 9.7110698544433
608 244 5.76217277382802
608 413 57.175181987302615
93 16 1.5101005993393186
93 741 80.47399455037471
93 981 64.71662772205332
93 863 98.35102536236023
55 845 38.62029467658661
55 366 3.2234171665247553
55 580 28.400750534449912
55 737 11.435268462273056
55 706 16.910805371111493
845 833 81.48533673017387
845 942 36.84386945083962
845 717 17.600698523311912
845 176 44.55478313966937
153 259 27.07580333697388
153 130 95.34269139347347
153 647 55.4411174443864
685 779 6.244597074286144
685 20 4.546379271436569
779 124 47.72759229309136
779 230 5.977128978259494
408 863 37.43145858916312
408 594 31.1845932537883
408 298 85.10872612097963
408 702 20.504483080179078
863 76 13.26869380695496
863 155 37.25115713116678
207 337 21.155043104413338
207 568 90.7638288622093
207 161 35.984732318382186
207 141 81.83162354406026
207 934 12.681396272413
337 592 33.924821405794226
337 202 54.773612900598266
990 611 86.06088479668412
990 881 24.056430490962367
990 180 46.84022356792613
356 457 20.286010505447724
356 638 58.502234530844206
356 776 37.0322429050672
356 921 90.74292634289871
339 807 52.58529384223066
339 278 73.55956417153615
339 536 94.18590581165238
339 169 20.791085395192198
340 547 18.171465795301643
340 410 37.72312250533383
340 307 17.306148748821556
547 219 33.6968676057553
547 471 81.75149428476698
490 270 79.72296236119304
490 611 14.32250087368415
14 755 44.64006199147275
14 614 93.1741380499237
14 345 24.35860898107656
14 13 38.69885520679948
755 420 20.666547099265316
755 169 13.055311500953742
509 767 9.950192858974598
509 741 42.8603827668203
509 950 95.49134249683881
509 557 71.35694412835757
509 612 36.74551532763344
767 329 87.9073382455581
767 497 25.02433472101192
58 931 7.858125803494695
58 822 43.9229099180836
58 557 38.65056930354632
58 609 39.88296040988006
58 98 54.54262539511341
931 926 23.68578660713922
931 438 58.46877148103713
931 496 81.95794740522993
931 620 98.473389266223
531 619 87.54129726782925
531 579 50.139200987630176
531 257 87.01003682662262
531 622 2.7380524415867593
848 892 32.45333735071307
848 371 19.74878081505369
848 316 81.33038629384144
848 662 16.969641681519736
848 11 45.66140431646053
892 968 46.102810601944626
892 373 60.16237172136143
892 101 19.568930319647674
44 223 92.42005019563659
44 169 96.37766248091788
44 644 30.87260871840556
44 968 75.0400310319706
44 384 36.87724792432368
223 661 94.22410627585555
223 529 80.01102760280737
223 617 79.5054708917356
617 422 5.976636160040624
617 458 13.490593809267176
390 301 4.5549247648411155
390 704 33.29269349372841
390 485 86.33286761120095
390 262 14.533125094235185
180 484 84.57489003835661
180 225 95.89578887233992
180 18 18.761906129909715
180 133 29.72703315292564
484 522 10.395706826271834
484 184 36.16285714050091
484 126 54.41721472739198
132 842 53.04860670062707
132 106 4.550426674431478
132 139 94.35643172313146
132 551 6.938470182369354
842 301 41.53934593447969
842 196 97.35462581389866
842 698 84.14727465001327
842 711 2.1079919058771677
518 649 25.01503904058996
518 34 2.0844889629648398
518 911 57.03369518352437
518 348 2.3874456285412187
518 138 15.07817647144596
649 841 5.666367353426721
649 197 94.01048105058233
649 261 91.14123489885777
649 610 91.70921112956653
369 74 13.584549013940903
369 973 39.25779064214146
369 895 33.23068993156108
568 257 77.1162705039065
568 901 65.4139464700393
568 452 90.66945219473905
568 308 86.64446277851802
27 111 32.02291022703413
27 392 61.11205033549197
27 101 21.63363071882981
366 762 61.333171582628275
366 359 16.281335170540792
366 439 39.9295050253861
155 872 39.726680012425454
155 178 46.801582944141785
155 263 14.174605946884746
872 627 83.22115849373083
872 292 82.40190058916488
872 266 62.840364296812986
392 977 5.142015412391493
392 811 53.19486372659922
392 948 72.73538171453144
392 778 70.68862999573587
977 46 98.85450440167283
977 722 89.71878590096757
977 338 31.136668622576153
281 469 99.41542095167534
281 441 53.56346294168194
281 874 52.26674329589639
469 993 66.0030047338485
469 315 91.40546259165346
469 998 13.649175112533596
469 449 35.63434338435205
800 118 84.24343329518555
800 636 50.99256564857925
800 323 81.8529961133424
800 109 48.75821462187545
268 355 47.3285458293892
268 831 99.81428163865438
268 771 8.155299320401816
355 405 42.95929305843692
355 10 38.78747933203727
538 759 11.101124779360209
538 251 94.7208689960418
538 327 17.084257848058673
538 837 70.9039479059101
759 43 87.52503299192637
759 934 9.771871868311836
759 967 37.57646572582482
958 980 63.339134519987724
958 965 53.14753391313432
958 513 7.510489212073681
958 764 64.59676564558012
958 706 11.523819978205843
980 548 29.1062958685869
980 836 42.12746667401185
980 913 6.388797962679032
980 782 78.58901227978888
652 940 12.79908676328863
652 313 83.70461802803845
652 943 94.24159557005788
652 68 60.13536713620225
940 251 76.64968348810844
940 274 47.17005834675094
940 310 52.01353021815566
940 31 83.9288781914241
917 950 98.97314908049006
917 570 65.76920218063546
917 520 59.76754779875531
917 535 58.524032377294205
284 675 14.760799253711191
284 891 18.097472892465852
284 75 5.035117947104119
284 986 47.52061659747391
675 627 64.61064765922069
675 388 57.02099635916366
675 111 29.07343611941977
51 856 4.910024581902357
51 963 58.65884128418925
51 485 86.48186415156093
51 631 67.5933468481987
856 640 91.42709558564354
856 573 98.33900876889383
856 290 15.90638002907429
856 421 39.71167573690214
358 628 22.365725065169123
358 976 81.44426043357728
358 895 5.284388200397429
358 893 52.74085833004443
628 895 91.51685011078563
628 276 64.86230081519699
628 853 77.69470496575691
196 410 72.00387348675511
196 603 60.75397836978948
196 382 79.53025987544021
196 657 76.52457279454958
410 873 85.6095790667405
410 7 44.30436098439627
296 422 71.59442246655532
296 135 98.82173217569557
296 823 81.1185797833436
296 937 68.26521979103897
422 988 16.86493020534021
422 413 37.583921003471744
422 400 27.777302545291995
593 891 66.48383553945007
593 957 15.31204472736716
593 421 34.98837848589073
593 843 58.00865868340926
891 634 28.43082619209848
891 584 91.19061903156525
891 693 35.50098724926119
577 961 48.09609100894705
577 135 74.68571717337159
577 81 8.660773415908617
577 654 60.80459179561711
961 333 74.15044640565043
961 107 65.47033962891513
961 692 74.76211997930977
172 419 12.110208259551516
172 289 60.86551735163099
172 831 35.54081117440108
172 171 49.13176571276086
172 21 93.2700766164952
419 306 55.08799108804763
419 465 66.8686813913003
419 415 41.68974770444355
419 817 22.87087340715862
254 877 81.89879475614933
254 0 97.16560951262929
112 323 67.62505534526508
112 449 22.767567868603898
112 42 45.16165364739161
112 893 53.21448072778128
323 564 26.32381964501046
323 349 38.20417961805844
323 4 69.3195558742361
440 665 2.1356134685653894
440 529 99.47687126058298
858 964 12.300092398714119
858 820 93.10288095287426
858 656 68.72885276951182
858 502 5.598305847301362
964 105 97.93594792625223
964 740 25.350293792757427
964 255 84.69076461873159
964 582 82.97128233343649
508 717 95.67926422668873
508 973 1.893562590176193
508 322 32.029064371579295
508 308 96.27794929636278
508 569 32.67369100911536
717 256 6.610907223104349
717 559 84.75408864956424
604 792 9.016830841725419
604 780 72.14226211035704
16 905 10.10166937352409
16 835 85.72847416005075
16 822 77.81534849033824
753 955 1.6859832823120207
753 671 85.2739765294934
753 116 96.04482108294823
753 456 26.779867608184787
753 471 7.784383527819686
955 385 63.89949340595268
955 145 93.54343833087309
955 722 52.00488200466086
559 951 73.70940085112886
559 199 73.69898468251988
559 557 96.8989690369207
559 905 28.259636527016276
951 807 35.411927075155006
951 394 42.099180359358854
951 142 68.83096803754985
951 952 25.999892992468975
126 546 88.63239736052685
126 612 26.835115469403537
126 56 99.96074784562813
126 668 21.11826046188544
546 702 57.79775476728194
546 520 12.37432831338809
546 217 64.19784556775465
88 213 7.450359235914161
88 230 57.264362328257825
88 690 3.2091248384912774
88 13 8.891500247309281
213 383 77.84584734965198
213 741 38.292539849653195
213 795 33.41674755356828
213 748 92.22107792497118
619 787 36.8182328299119
619 190 81.9774896720138
619 780 19.607362999984588
619 695 38.630029887661756
396 707 22.713553365805467
396 322 93.81315118778394
396 20 54.49505856065766
396 591 54.14582991305477
707 244 6.776033415973537
707 671 10.142263096341592
707 261 43.68483000536711
731 893 87.23816649587505
731 374 83.168497411879
731 788 82.12421493602743
893 216 88.47146331910044
477 626 31.579744893129558
477 128 32.5492568160156
477 227 29.12003463534536
626 653 24.530348469498424
626 505 70.2707501910418
626 756 16.50921872272537
626 123 71.77945775338542
463 177 22.510383384282697
463 723 18.934736913391163
463 835 42.7762594419871
151 444 51.36663636633653
151 306 16.33064668675504
151 395 93.32717099559247
444 838 67.45352001712887
444 934 24.719916035195702
444 925 34.66303557203934
444 562 5.8701319064005775
318 457 90.2110115238212
318 305 5.710793485021768
318 801 27.58815424841915
318 857 94.60388579648775
318 18 52.11773143374594
457 391 88.74502888788781
457 164 71.1416490084323
457 890 89.7579423442472
581 589 15.33500891285542
581 656 86.17631558090434
581 143 48.796812305523794
581 165 37.9872349001846
589 427 78.12989538266409
589 677 44.16619403815801
820 907 3.6028100811640904
820 959 4.957865578940286
907 133 84.9908502307253
907 76 1.2507663985018265
907 441 34.03493360810269
907 421 98.53951024112963
603 771 89.01873928318774
603 912 11.070790240269574
603 963 33.69389587842231
603 353 90.86949295696638
52 317 21.194974223322404
52 758 29.917521398674733
52 233 29.927414086699766
52 777 12.624634786680007
317 104 60.712139579589056
317 269 70.78917739311137
317 350 35.66500610387518
586 920 55.00380245213358
586 59 34.311708520529784
586 694 76.44104878377009
586 134 20.403344594369184
586 143 5.721958213993382
920 150 53.18708689837322
920 941 94.80729444594473
415 507 71.4630245344153
415 336 56.96817003348364
415 60 93.18838151129559
415 288 66.77429125473051
507 367 15.127145522686298
507 941 68.7085052496114
507 3 8.437920259937414
293 464 85.64557205070079
293 453 90.0376979601145
116 274 54.58978975789173
116 498 46.64960542609234
116 345 34.53559406552735
116 62 81.08576947027437
274 621 17.40194507102074
274 357 35.60614628928358
274 19 5.751006310413567
838 667 32.86147742556152
838 830 7.801802789608297
265 743 98.02530179240081
265 121 70.4922779052004
265 331 38.50256306813904
265 666 19.518012304555885
743 846 79.11438098047026
743 720 54.23141325271743
743 157 7.5313564810415095
743 307 33.28696806144915
378 431 71.38885058282177
378 209 82.99081502341102
378 632 92.83193816273331
378 185 1.2503496381895678
378 333 8.455745408041164
431 80 98.3792548546462
431 551 42.13891736415461
251 859 55.87144058481662
0 939 54.92322264523321
0 871 55.63057378179323
0 442 1.3535804756593242
74 185 43.111265226309236
74 310 39.95856536952906
74 348 45.48618042188138
74 34 44.63023692024344
149 247 64.53194228691618
149 532 34.31277243313027
149 170 67.19864087135572
149 926 75.72534109272644
247 465 79.18952296019307
247 83 69.15968686539689
841 307 99.86306956705391
841 778 41.06407879286746
841 946 69.80214408094346
841 187 58.686776293252095
304 758 53.15949513685305
304 257 34.548921602647304
304 321 95.39268566879089
304 654 49.96877160762632
304 275 52.46287554009795
758 668 70.83975957694724
758 483 32.28040084966659
758 195 65.8320277438063
446 561 51.34040464899556
446 228 49.825241219533126
561 687 18.710374473725615
561 313 53.93420281144696
561 521 85.49188486184103
364 797 20.00105447850339
364 381 61.97440838898897
364 740 74.09647471711841
364 563 26.64854419972197
364 574 27.928851352386157
797 467 51.2986858138732
797 621 45.975984741917514
797 913 11.876535947672899
312 331 34.97017358337061
312 662 95.61658213747062
312 298 56.3415684798145
312 599 89.17737235479004
312 503 77.09100628509938
331 739 54.60696657398305
331 139 42.708575561981824
204 579 58.841445234884816
204 443 93.20783791272277
204 703 39.352949426779894
579 46 65.2138137949483
579 535 54.08525953174145
579 459 47.760907639644074
501 921 95.6439129025128
501 988 87.15788669687439
501 870 41.212972364615865
501 430 41.96472947037407
501 665 76.51765769649244
921 78 60.53797139647222
921 569 50.506608451297964
321 697 62.72077693272763
321 742 29.938923542793795
321 519 97.27736718382212
321 386 90.24634290537927
697 926 14.567780786206349
697 867 95.53225176772547
697 334 55.52190451571702
697 23 92.98898244942346
138 122 55.27189698745794
138 128 62.56698047846396
138 500 20.91265761063039
286 693 43.9451765325214
286 450 82.80550487510264
286 782 17.309906529457482
286 960 97.13492835023118
286 534 36.28290908505437
693 395 61.62419015031593
693 771 73.2111149161471
289 570 11.446939173095537
289 869 81.64555146270287
289 416 91.60793830829101
289 997 93.74419698347037
570 424 62.237707609219285
570 592 64.41861961995346
570 671 15.23425387476854
532 769 16.904838101675296
532 900 18.524618851216445
532 606 47.20313788166339
769 771 37.161075268504376
769 978 30.322056547829344
769 521 12.874830694035856
2 276 93.23906711316693
2 145 39.2042581339478
2 176 47.79275268275689
2 342 71.45027995859792
2 868 80.1055304322538
276 902 51.5974679869439
241 372 2.8924546189520344
241 127 51.88637896919313
372 515 38.8572708528594
372 43 65.76772221909103
372 806 82.19271050911674
122 157 83.69268645048834
122 393 9.497762363371043
122 713 9.901344399476017
594 5 28.23884725526578
594 900 65.89531854967888
594 161 55.769575692598124
594 855 56.09197049124587
423 762 72.44915000109057
423 62 79.77512475415331
423 383 48.226980371026876
423 548 2.1363651501681784
423 748 89.45537186108656
762 106 12.353055086914486
762 909 63.90349063850631
991 859 75.61561448764228
991 141 50.158845293717796
991 770 8.857665706037878
991 269 73.70897540894383
515 673 8.196897620336603
515 54 42.020289003189056
236 722 83.16324274442586
236 692 75.88108364706108
236 963 27.42683403300567
236 99 53.82472880646885
236 479 32.40820042732932
722 959 78.11940783999323
722 314 50.78732829596907
261 795 86.67853584018016
261 519 43.35876179663357
261 424 10.324318092333629
795 228 77.90703797677662
795 212 55.931643285359996
10 86 92.97515492862497
10 491 39.41862372657711
10 327 45.83144131139617
10 59 93.58059788488461
86 283 97.14610375690889
86 766 94.14964090565898
86 783 88.04048328541508
86 803 41.4955794973222
732 741 29.457381811612617
732 609 29.986010455225934
741 292 11.452567643964388
566 659 48.30975413148255
566 613 78.9324428698904
566 459 62.45727497770926
566 828 91.77708166916261
159 774 82.46759682750738
159 783 90.11479190041959
159 696 46.13702395449382
159 556 68.65690180012211
159 210 24.033267516090085
774 745 81.5954453111244
774 393 17.5370408430601
774 727 66.51230543840973
774 673 48.13491200610887
823 506 76.8617541648518
823 445 81.29770121898774
823 682 2.9686358443424212
906 313 66.75362856281644
906 567 60.34368898992676
906 110 12.897860440011625
103 275 87.98283812551621
103 483 13.095600441916227
103 751 66.03671183136908
275 847 20.87881917526967
275 959 24.717418800544174
275 350 32.20055848540272
161 179 33.593129987047575
161 346 12.897292323723716
161 471 54.11384909099872
179 597 68.34337397359627
179 170 83.0226768850805
179 327 2.0823197180050568
179 388 30.851959108235338
495 750 15.58658004808364
495 754 8.433433346413967
495 756 4.962040280811594
750 42 40.355423424327995
750 498 24.778963984090726
750 813 60.62461554661783
750 111 66.87930265583462
187 220 28.628205064156138
187 384 78.04574980361345
187 211 66.89990612779378
187 500 11.187750777403739
220 634 77.26346486560985
220 127 34.08800802147202
64 853 76.96397129987814
64 494 24.471159716895716
64 189 47.00110714027661
62 549 56.52486103707122
158 256 80.62457638951237
158 313 3.898348047508947
158 711 58.23632873833313
158 598 78.8398002556022
158 889 20.401054503290393
256 529 86.66733927985962
256 745 48.17352506549242
256 255 85.6439783922896
453 625 95.45699356045726
453 687 24.134722070599103
453 638 8.445669075999138
453 373 1.2948411425752666
625 688 19.93964549433048
625 843 83.14680044524286
625 934 13.2412209220538
661 910 67.94084822435387
661 238 2.7925229437358596
661 447 36.976168021607585
313 166 7.779664080678068
788 497 73.9009620171006
788 849 31.7191757053239
788 633 1.819929387815297
189 630 96.59107639295004
189 486 23.181442176045156
630 533 90.41568673857351
630 171 90.7276035270285
351 667 43.42622922433945
351 714 21.565186865363593
351 765 12.518175734844819
351 299 58.834988956458595
667 847 11.003743827302475
667 673 23.168632204355156
302 847 78.20590444444134
302 368 95.34345946314285
302 1 96.20682916854429
302 481 40.033046887271716
302 849 99.5231636291931
847 939 42.099024340579874
847 73 99.05096504368204
198 748 57.70228673579457
198 489 88.81393014644213
198 549 20.63642365440888
198 186 82.89086491219935
748 324 73.5836739986178
748 543 30.501155884903074
325 929 63.59641934797442
325 701 37.125812197182015
325 368 49.818114736898316
325 911 62.51807080960107
929 970 72.47788673867134
929 835 24.322387414771573
929 757 49.531753213714055
929 768 43.233642577661996
20 942 23.817126192511797
202 770 4.200216487114823
202 409 43.03549224252165
202 68 27.559354826554774
202 81 43.6650676947983
770 53 28.048020420907022
770 505 22.28233488258914
456 571 82.14421746511354
456 357 39.81376706626989
243 944 70.07156696879883
243 844 9.595242692462044
243 943 67.72014708930111
243 794 95.54874655771448
639 883 36.71586439788224
639 606 20.111182849566703
639 201 7.436205271230561
639 623 77.36238152569034
883 388 95.11376927014437
883 119 94.3978572733402
883 45 49.96021136999038
883 600 67.25486362531835
834 833 48.87849737131135
834 399 50.38333190063851
834 851 91.27239961365358
34 684 24.902494578012007
34 959 75.64176073670946
783 29 49.150201469340445
783 255 11.563539539802917
783 37 75.73844420681083
720 164 56.39572941239504
720 899 61.20216609816056
94 379 66.76416475508563
94 978 23.73504105737081
94 972 38.56458331311273
353 860 18.322715784194777
353 798 58.53244778610373
353 969 12.989005512995343
353 657 8.154974721639869
860 125 29.608998152449498
860 306 3.410061496451353
811 941 65.00304248373313
811 445 68.34108670041616
811 969 24.119271215988462
398 672 38.09236898007123
398 506 45.948653985140425
398 56 88.11805720052985
398 346 59.12900964471917
398 541 87.90645556356242
672 152 58.15386583639166
672 938 94.76617916653753
672 368 77.99125966654259
555 4 91.4344003118898
555 551 9.579256519761206
555 728 15.646234883412182
973 878 28.33255939542606
973 42 74.67225599979139
973 712 97.89137504770929
152 299 30.473940855397707
152 250 27.197294034809726
152 715 12.32619964318733
371 596 47.16430440857612
371 29 31.427949280840526
371 664 35.80561419002202
371 389 69.48125774317073
596 898 41.881513512382895
596 449 94.8134354478102
596 374 15.136254750751556
272 850 40.95793310411261
272 428 60.276783102412686
183 827 12.845710218689337
183 840 80.05995293539071
183 133 68.72131634815482
946 310 38.15526252839581
238 729 30.948700878128317
238 409 28.136804039544366
238 162 47.732075075591325
729 13 32.688657162488084
729 574 21.689558558363085
257 713 49.394433170052366
257 830 21.09801601199417
688 982 92.65528861091052
688 335 78.85833362960696
688 407 96.54121975584911
688 148 88.690151540525
982 539 51.68966280019934
982 908 98.41311098066927
982 909 28.523258643470275
982 809 87.84518764140266
1 669 41.32843223814065
669 512 99.98709463316293
669 228 2.313953759723935
669 569 10.902414815410681
669 659 75.29348448302035
4 971 93.11224855545228
4 244 50.5624144391485
971 563 61.66871260681154
591 785 57.146254825597154
591 89 93.28530842284108
591 618 14.003609514558022
591 986 55.766459659817535
785 382 3.7395196541654614
785 333 12.92576570593285
868 228 16.68446313768678
868 599 53.81571680964466
868 526 70.34665855603549
634 764 9.361459831259614
634 598 97.85060252616272
283 308 37.06890401832388
283 698 19.503010380843108
853 861 46.584061813637526
853 952 34.07351256660034
656 851 98.63679513756408
363 895 32.70438420754301
363 432 51.574200898947375
363 195 93.78117710923097
363 177 13.269716292457506
363 552 92.10759450366467
895 404 53.24394585353678
141 548 9.896032162228593
141 655 79.52725097973084
141 127 49.616030221180075
548 110 88.66927428005086
409 609 8.179908956628614
409 282 25.16549084021476
409 75 85.91771545453246
60 482 28.047181681000524
60 562 33.187443134920294
60 468 1.631250146993485
482 780 96.46907556341111
482 529 8.485294360933676
482 288 49.53581640672078
482 305 99.18731530872122
439 771 77.44896326405045
439 102 40.366551352013474
439 248 66.49205273427557
479 992 74.43612245130646
479 3 17.461330513191005
564 584 65.13725934277811
564 407 98.20284259180048
197 622 33.02050150995262
197 582 70.73401780354698
622 134 9.16172281310661
622 983 89.76768600370926
622 533 37.897077045768896
99 976 58.86151216696274
99 12 19.749866238756724
976 320 46.51340015841165
976 545 3.2664353301995304
121 655 29.30617024377102
121 736 56.61588404964223
121 673 72.88741533554145
135 330 98.30660793634136
135 464 76.66720486753671
135 349 66.22645232333066
87 969 59.41835416361605
87 290 55.29889184168604
877 48 63.95598586646857
877 910 70.17663240407332
877 592 64.0987678073626
641 338 95.07515576580276
641 208 87.4297673570293
641 861 89.23916527465505
641 332 32.30923301985996
714 694 59.555946254650266
714 828 83.28305196591855
714 82 36.75221654248404
5 910 37.86761331606537
5 542 10.73318560803188
913 938 28.120108453426194
913 319 32.011018516423405
715 952 20.583673778826373
715 120 70.13931103819021
715 632 34.15396062159082
715 104 43.9914239357772
952 497 72.67917990105605
827 166 87.66734047540348
827 335 47.42950204935416
827 557 82.48260152784545
385 542 80.78862458127587
385 664 23.583165252791193
385 704 26.234963523360673
542 218 50.99076279923615
542 245 37.307582409200954
542 817 24.610510567383937
905 924 66.77607294761742
905 352 94.33450460355206
36 452 33.74032646593832
452 926 79.91503649959742
452 111 34.151690235416
452 117 88.32782863824144
299 916 94.53599378538576
299 143 5.313003698025053
916 677 29.304323638106982
916 737 34.68595542500854
916 606 18.099740820318583
106 246 8.764490344340018
106 736 8.96485855784216
970 751 18.315373263529278
970 967 75.17220032760927
970 348 47.30344788640436
970 297 96.32351027726409
394 992 9.43631183570296
394 229 31.63806415337124
394 190 2.3169182519812046
394 214 54.550121158481566
992 503 12.04898427054451
694 954 23.59485333370524
694 908 99.11221748266563
694 975 28.440142451308287
664 911 20.315145953166216
664 19 10.250402151507767
537 195 84.11336066136715
537 393 5.1734578859945595
537 511 48.211837819277704
725 885 28.215945043700316
725 91 47.19478562133534
725 818 94.03538662214277
725 383 80.20685497770009
725 462 57.69271834525974
885 915 87.97293802261184
885 144 73.02179410216678
885 210 45.24970506243446
885 334 59.19299109229964
66 127 99.89306016152372
66 988 17.913175439844984
66 678 5.757332184270728
450 611 44.14968119882133
450 26 19.404768621647627
450 57 67.05733149434529
450 216 61.49881701750323
164 404 90.80145269561554
412 757 76.96643608634211
412 944 48.4289860907075
412 902 98.44933523840456
764 844 12.783030297992381
764 704 21.3479702561188
844 333 56.22175882495024
844 704 35.81355544478144
844 742 20.651242974204504
105 345 58.193164410376596
105 315 15.556992502040675
345 386 87.33184205752998
345 884 12.201977021113393
432 110 70.25105282220159
432 889 17.63639521297955
432 524 30.122689524754488
21 886 35.20739965402086
21 728 53.21678965908503
21 942 28.976718738673302
21 987 71.81305163343526
886 332 40.00042003555553
886 884 62.56876746222693
886 399 2.0017993279473876
886 91 90.19884038720299
862 742 3.9634611514356037
862 756 34.36464690367405
862 956 11.900392014136838
338 287 75.87869878449469
338 719 86.82059570080249
338 989 54.35582662181372
206 632 5.442556435136241
206 642 4.651190104571137
206 308 3.0549562607005463
9 560 94.7766273041973
9 248 66.62280827624038
9 545 80.81151783651188
9 178 44.88070371990184
560 53 83.04152264854719
560 551 98.55169264618029
560 846 38.83044116968256
104 843 49.84433277471719
104 383 21.517516248982595
104 404 67.74479022641641
742 778 23.656199621818555
742 541 77.55804747288643
527 582 79.59258314545166
108 170 63.51088520338638
108 142 83.09985196881752
108 867 37.21054459082802
108 208 68.83281328858124
170 319 82.59318105988602
53 807 52.88362957490194
53 505 55.79114193482873
53 389 74.43818614162399
807 944 17.796202313448745
807 493 5.080856553142735
869 590 19.237843634291842
869 433 77.20779932386428
954 645 43.530718539737585
954 934 5.659980899486174
259 370 61.91769812736726
259 107 70.43599983530518
259 692 62.851058343622256
370 666 96.60923679570165
370 873 38.757035216757544
370 134 40.84651561229989
370 787 12.337967922257729
244 455 39.76767285723718
244 692 86.94999406932845
225 535 36.20722635439002
225 511 76.20848092439003
225 288 44.12135631279822
225 29 23.927840978414498
535 806 95.12581553533668
535 89 76.80692454840786
944 496 44.540621442231
944 631 76.61510135031045
968 927 68.54270019636247
968 382 98.4430588512996
968 483 94.27607811332948
166 336 3.2429391623274615
498 950 80.12629324609549
498 3 35.06166720406401
498 757 12.078880828280393
119 941 64.82462033644214
119 186 40.470001105665915
119 691 56.82401910090188
941 418 40.93885743257534
263 809 55.1712972461367
263 216 70.5282627843079
263 140 10.702852385731063
263 291 62.931419382381364
809 695 24.06799501545976
50 407 68.03547085838916
50 157 43.25765549734951
50 42 59.93204520844394
50 424 22.074667105698104
50 673 5.158354979141437
407 719 70.09579205982054
407 899 43.53744638015371
633 416 90.02009668112211
633 305 30.742759045044753
633 646 39.17046182830183
307 544 51.960385182681755
307 850 70.11581458444657
620 143 43.796678685254705
620 140 43.70713005468942
620 987 13.878768334904736
308 438 88.9795095046107
438 765 64.50993551068682
438 874 28.16480046147069
438 867 27.62737215850149
40 43 82.90626633689754
40 98 21.15678355226048
298 819 99.40808382597525
819 208 56.18019440290748
819 500 14.74056201311454
819 123 79.52235926932241
101 824 68.04465816351403
101 37 5.571953532043578
824 442 94.93847100865833
824 319 24.05058324775153
824 927 61.93320371412148
824 965 9.695094061462092
266 792 35.103100919001186
266 950 7.055791313912109
266 765 5.26905621288305
266 26 40.254002832994296
792 335 20.852970807879437
269 879 14.204040502673342
269 849 74.1640503806839
658 873 16.88222880192303
658 165 86.10537405113843
658 496 12.89894747870545
873 209 82.65722289987949
873 983 92.623528122999
428 910 75.14699572033194
428 580 58.56299007240336
428 315 61.77031021120058
428 32 67.63934507175095
666 285 42.329666262908255
666 214 12.853577794962364
666 368 17.531752514660745
282 493 22.122030343532433
282 56 80.33189270594258
719 418 53.99623767752572
719 329 9.939352723947298
513 670 9.389760291506908
513 804 36.76195118838966
670 784 88.8462589947663
670 489 71.32856345874315
670 199 65.28661979659144
258 966 67.41612240810679
258 397 98.2298877175756
966 176 96.61599877920463
966 217 46.02909073498984
966 421 36.62340712720737
966 496 37.5678907011307
496 458 9.327855282287315
222 552 98.37765106409829
222 467 95.82097066758232
222 32 18.94627417148081
222 642 87.10103079377382
162 737 9.358827847386115
162 255 72.60457647425756
162 777 6.115119527529597
737 956 87.65774855976792
737 665 66.2143648437924
76 134 35.957945336889125
221 343 1.9456756493975549
221 54 47.72576137859836
221 571 63.6062756820861
343 692 40.07168805158558
343 637 39.216302625000075
343 600 29.742456258758654
343 614 9.406944034685603
169 849 7.1441040929828805
169 676 77.86456392324618
550 884 96.3109087514454
550 854 55.24886541660789
550 511 98.10463724217117
710 846 97.41920007654542
710 615 58.27495078903624
710 526 97.43712821449598
846 899 53.34334534325204
846 730 78.28650986896372
653 182 50.72610957117769
653 590 95.33086963060316
653 190 4.7240631740495935
95 681 18.03920517150084
95 6 81.57251992191237
95 212 55.60397467504141
681 791 37.299726423463206
681 262 49.34434769752736
681 373 31.781232562184837
681 168 71.4923432646288
898 777 96.73373948000349
898 41 19.891174001284167
582 665 68.7005848000283
31 711 94.75661860391861
31 522 99.02544075561913
696 655 26.556156864180522
696 427 39.46191923791949
696 832 83.97715091033425
696 889 27.884198112955538
662 884 48.67443028085621
637 530 35.028750263693254
637 983 36.28429261128082
224 776 76.20393909014396
224 912 27.547482331708046
224 644 62.91051261565544
224 59 96.75526797948797
224 749 87.66953341651275
776 214 12.649563032419515
791 850 50.44641058080875
791 262 49.68246152606858
533 346 70.05868886493123
533 871 51.07949070859747
533 701 99.97730090641143
647 963 75.559195904147
647 530 84.77882958578738
647 636 67.16775022490809
900 965 15.720992534188753
900 957 57.689480786811025
900 754 41.605027040261604
524 530 64.24572617324716
524 359 46.227024427002306
524 176 53.954183917785414
524 48 67.33463812665408
530 316 17.376457378014464
530 381 96.4056179146901
938 11 87.29709959208058
938 831 53.78405634168526
938 310 87.77500181777405
784 512 5.275027537350512
784 377 15.438178050344634
784 659 90.79666356958779
859 41 53.69665373120542
859 493 41.798899422343595
859 713 72.6568352685953
612 571 28.571951992580672
612 210 84.3310954378836
612 41 84.46687966552633
128 904 23.65777199112248
128 218 86.65533762643231
904 451 74.82719786864817
519 861 4.015372273338704
519 646 7.718248965942621
736 978 24.193433869036213
736 334 2.8764190919732178
736 585 86.49609465058387
978 29 41.12393142479379
678 981 60.22436424218323
678 659 23.722156748502222
678 219 10.94362685914334
981 7 9.802169315050596
981 486 98.63371482651064
981 11 84.38171509628573
912 301 48.46305034265794
912 698 38.241314342200226
912 618 46.18611085896424
334 160 89.06953674256083
334 997 12.125701606858481
28 615 4.4285975049935775
28 178 36.75467424315126
28 201 10.410723673567285
28 790 21.475198141759403
28 975 99.80501637780642
615 199 75.60245306928985
615 148 48.834804956712645
615 740 71.87188669660974
346 523 42.57787227990669
346 173 16.602688809672216
836 695 67.49814922598334
836 735 83.15035943855526
713 201 53.80494437719362
139 749 81.93034879293386
139 616 20.14224287664584
139 924 48.02088640274462
749 899 45.6958357728224
749 12 11.42105640369561
749 459 69.6615609045212
306 587 33.01344721289729
142 176 75.40922527785091
142 324 95.06991217444933
142 794 80.90854400904468
327 303 99.98132576628349
327 264 15.37081740449875
182 109 95.12581035049126
182 702 69.7920646949199
182 400 21.90852614081022
182 54 98.41393710276218
751 631 46.925095118553045
751 739 71.20896442412817
668 765 94.44769636804031
668 249 20.811620523322148
379 644 87.41364000347616
379 336 80.40919954439379
379 932 25.750919794333214
379 761 7.672692231882019
644 336 48.31330882216177
219 937 26.742230295192385
728 711 67.3072124093601
728 528 11.407203580877104
114 738 90.98052325553246
114 133 96.86439123841639
114 443 49.699900832819935
319 73 24.12116629978056
319 377 28.93838308520162
25 375 90.76190361953506
25 703 5.387619595447516
25 173 97.1249247779183
25 447 45.82944585874186
375 703 27.069384731114727
375 832 69.02171646350145
375 231 83.7318287108292
963 730 42.03412844860332
7 262 42.03771509709835
7 543 67.35752183165626
229 544 74.61181554604411
229 84 62.036418396256316
229 494 4.679030803333358
229 82 9.022804349980714
124 82 66.30698381401018
124 61 68.34519542043894
186 937 56.6870914960905
186 367 6.819108210651267
46 691 44.5250963946852
843 15 72.69655069527316
843 315 63.07225691099306
59 549 11.133648621740186
59 766 75.71962698268256
549 679 75.05208450434716
549 539 54.03854668647316
120 854 31.33555154718986
120 497 73.65457808696618
787 37 43.21891776307014
787 83 47.72619594318151
787 32 22.0019794370019
177 26 89.1832977218121
177 554 52.322389532227646
177 587 99.78297817380445
590 320 58.63754885905599
590 333 47.679866059707244
157 772 64.58374579228551
768 837 64.86103442006362
768 349 60.21823802215341
768 909 30.863080975999804
768 436 15.493105975251634
837 640 91.07623028306993
837 445 85.55494067823692
915 989 98.47230347367937
915 832 82.08220780671437
915 434 79.7992424863274
915 181 39.10331292935625
822 677 63.14034860944763
822 399 65.87552583174549
42 191 70.77787074482679
248 631 63.70812691257679
544 574 67.0331766433879
544 81 22.26893659236773
544 56 11.633964813956327
562 640 89.81081834815568
616 173 28.545213568005735
616 89 63.55859783625593
249 613 16.708113099279753
249 499 97.30052014583272
249 310 44.08526156348644
613 595 21.108583869264773
959 855 89.28387474772086
80 740 51.80289189110697
80 436 19.869828307994574
80 245 41.196079291276725
80 32 5.636399253068008
209 125 22.568969424982402
209 702 23.771681346587172
82 520 23.402305429123377
82 801 33.595462179621286
520 888 22.560702176831537
84 303 34.902775270642614
84 61 45.202259630616496
84 228 85.81706921007445
303 739 50.369749207497286
303 727 9.635169839934166
303 212 52.65427070408272
262 780 3.024192945721559
503 118 33.07548077883402
231 932 91.96256236226164
231 3 98.90114379609173
231 181 34.75625114377115
231 623 74.16346117518023
932 814 97.04752022471884
932 943 74.58958241172058
932 901 16.057629292424235
481 523 95.73822672278646
481 445 80.80679684053074
481 691 88.04045551206283
523 983 90.78101652539577
523 993 15.16915629109827
523 70 53.93942660113792
357 798 18.230284876014483
357 569 26.03749230640357
798 782 1.8384989936885083
798 943 70.5066812008125
595 777 91.74389105506287
595 735 19.91230118641924
595 433 65.1343332621311
433 761 26.89120569948733
433 950 45.4263329439632
433 54 78.79810185026233
761 230 64.79105482504852
695 909 28.7093331275866
695 500 11.56845349665375
909 609 31.921269877984333
115 606 23.043604635543
115 73 23.466265261518714
115 342 11.184450389069283
115 621 37.675815180057434
606 812 99.1691520133319
879 352 37.469279232951436
879 554 21.678309542894613
879 919 88.90297285949896
701 687 66.6427464810903
701 118 10.474390367626793
246 911 90.0058712895283
246 430 13.56624200721582
285 421 55.6977415177507
285 988 49.68650333815523
828 184 60.657421430953434
828 12 31.969327907088637
143 462 24.51446076176037
23 447 3.3745877937915907
814 395 93.7251846980482
814 118 74.07220447653054
814 117 6.044700389935539
814 89 50.48352944257181
178 405 59.65782794168853
359 434 45.72147642067628
359 458 17.754929190973513
434 73 15.67430602884225
434 889 75.42552902275612
382 173 85.7315470653212
382 395 44.33176310356712
703 867 13.549028998974332
703 230 72.39593105305843
867 919 82.76530038848371
68 682 15.161273962754953
68 870 21.193441746947336
682 702 77.45191569296067
682 443 85.44599758220636
988 19 65.24223872636901
301 691 10.65836604951857
368 723 60.10961886614292
723 107 69.41629764559694
144 679 12.182005532038712
144 659 44.53341799831145
144 91 2.297198801766986
851 745 34.078806326437075
320 199 24.33325401209311
790 264 70.74655414233058
6 445 81.40969397560465
6 965 38.21291018346497
230 401 78.78410762411752
29 468 54.41107784153229
468 801 21.229710776911787
468 552 94.83285967237464
305 381 11.781298578281747
804 680 55.99396774729824
804 291 20.3087876577277
854 618 86.57203763559133
854 855 46.33822537236396
854 766 86.72732662334701
684 739 43.72090680832322
684 384 94.8214020819469
684 960 6.91283978734537
459 571 94.13871420676054
833 765 68.32876971926204
833 539 51.279532048941974
61 506 71.33240662082186
61 297 94.43183363639217
556 526 20.917062852744735
556 288 23.060387389073856
556 424 27.046146341625395
168 475 30.389890376061736
168 960 42.242544999176715
475 494 70.23521217304761
475 536 33.28226198320768
475 942 73.14146618129726
927 125 31.022661413784977
927 401 6.91792537448566
927 642 92.66869523386299
381 389 88.24582638102896
19 250 61.74476293587192
250 329 97.35332277587327
250 449 80.31634800765694
250 500 7.657458862618128
24 314 1.3105306077932246
24 812 76.09800391308113
24 102 80.2378381270989
24 635 42.293093308384556
24 462 12.160076653562063
314 290 82.78922876814016
314 871 81.22256343930289
803 989 13.52737592862882
803 335 12.446190013620258
349 485 31.009316607021383
201 536 22.398283522300183
201 54 65.46175527711243
536 687 15.647942549824668
404 399 2.156392467892701
404 448 97.12787109296626
384 939 75.46393100433313
384 336 93.7359836703026
506 558 82.49433755878869
449 957 25.290632780283268
427 558 47.776585859538166
427 130 90.02487321145651
558 280 41.94947888214566
253 436 91.80403171939747
253 190 92.06968219966387
253 483 33.01218315318467
597 17 21.532271797316955
597 416 26.50530154998411
597 592 28.30228168219652
812 817 16.87005963350963
812 730 81.98510534380765
330 491 23.239811913929202
330 521 27.865458261717748
330 79 91.17869004834608
491 599 19.000439633076745
18 38 44.70747950388077
18 997 11.325290544558086
18 813 79.59286002409836
38 145 92.9778831531375
38 645 29.588874665287197
38 451 94.39049946180722
391 937 85.19225662604025
391 735 2.8048240897844234
391 919 62.45695602787149
391 218 73.09314911955597
937 623 34.169750301758214
342 919 80.04025084463868
342 79 93.8739699401626
942 830 51.897311201373135
526 766 31.559692127773236
526 270 18.249996642547007
383 646 34.96031408403211
989 447 38.065555813608384
418 511 46.37049532043429
806 998 58.0447355096525
806 335 48.83069465667296
424 993 21.563058142434187
485 430 15.926308391237846
485 635 57.888262652371075
486 539 39.071561101907655
486 416 53.80212180775658
212 502 38.06773820949847
212 47 79.16105534269012
502 539 99.38963820953326
502 890 3.294208583672029
436 840 42.01599243335711
436 493 49.80272324881354
288 573 19.202235998232485
573 160 77.98054662481006
573 545 46.86189053572225
573 79 8.411353359322955
130 464 85.2659238187683
130 680 69.59945618732101
464 171 94.13744224243081
464 960 67.22584835705653
888 627 37.30038800852777
888 939 68.65446090702885
888 270 5.075483133702948
835 352 66.85777333557246
835 399 17.623235930226564
12 757 39.132683637821955
37 118 3.5162039339146793
957 690 85.38772849035168
957 150 87.88112544299427
441 171 29.65719729863803
441 181 72.56046753888337
924 185 39.38995561842385
924 73 14.761762748675656
352 870 79.86375120195521
911 993 7.672283775815714
11 81 11.275710826247971
11 489 61.204629879208454
870 646 82.21859435768708
255 448 99.80468394781677
857 831 39.296772803513434
857 332 21.120483477204747
416 830 67.76981664367004
43 735 56.12364128443756
102 329 1.0639464144663782
635 640 40.14413430757074
145 57 57.92242609860932
650 405 82.93806009940107
650 890 4.295078554132604
467 614 71.24349125429968
467 214 41.35872955616748
467 896 31.02041458670682
13 939 96.71661050407796
140 278 49.96362350657219
160 291 47.1584975486368
160 874 61.932950659946854
322 580 61.61547958963619
322 676 74.15830252187371
580 210 17.76832168765276
580 642 84.21839658416354
679 291 90.19156025480355
679 896 81.47437843328183
614 458 81.81216651023253
83 986 65.2973033613341
83 91 6.246599910536755
83 70 64.033575950678
986 316 51.555779346352416
393 32 29.104308844298696
522 455 90.98044188873747
522 191 50.896962068738496
109 712 59.11550818058888
109 975 67.42803559584601
754 948 24.76893699245839
754 727 69.70942498142784
948 598 86.8329309220094
782 676 9.389654943984693
599 908 52.230522894339735
599 442 64.33856522549249
908 420 4.963999574721758
908 47 63.808309327700066
545 543 29.987528842066304
290 165 96.08092327533814
290 738 39.543891839649866
621 395 83.72464489722759
621 367 86.11096422493296
165 772 17.828460945903956
165 413 61.85833990545131
772 388 75.54032492879497
772 270 24.376043496947016
195 585 37.248406541813715
195 987 57.08983305626114
420 400 57.27615524274341
420 881 60.36339819397294
494 706 8.09172059079843
610 871 36.976069834343946
610 181 99.7066946026767
610 400 97.81553710004188
610 455 22.430868118284504
210 227 57.78545210168731
587 997 62.61640369715986
528 874 36.76572745631956
528 831 98.06291855054654
528 45 90.95400512766459
216 79 81.25379182211175
216 521 38.86987017581337
987 245 59.56686485092751
987 134 72.14309190140702
455 373 17.143761257607096
455 190 2.944738667441814
367 214 49.375343676045205
150 956 40.27162946876836
150 148 50.332838327925664
150 554 78.66136140557208
297 993 73.04491833884963
297 600 5.9050874012549315
297 832 68.45344669965837
442 448 21.336488261314482
563 56 3.228494740205093
278 554 60.86366865485104
278 840 94.31924732232078
133 881 6.185501713048094
324 813 21.48270563831205
324 451 63.56700405626591
878 967 2.978879955489538
878 738 38.15923572951568
998 465 61.92467705839007
739 884 51.588678609244084
17 832 92.56987367663031
17 645 42.90624996112407
17 512 74.86295788678679
17 211 95.28966229487125
397 499 17.041391782536447
397 117 7.432240529052875
680 925 6.079464008109318
680 711 95.82254573779727
185 609 34.92820886890806
631 329 21.598672143502306
332 655 66.0084566831316
332 871 82.41423469301044
443 861 65.70089450760864
280 654 33.85426521396953
280 110 92.37218702244729
70 794 49.90467105679659
70 654 36.52946918140202
817 471 61.28567792896004
413 632 47.33835247656139
543 671 54.70633117006502
638 657 71.00813780245537
638 75 45.01986691000804
657 348 51.76941289790076
657 813 86.54285399802842
489 75 68.31803060694223
698 727 51.43779856209502
698 287 81.14072172236172
567 401 7.184584012715815
567 125 30.282563738715844
611 208 43.36285636548014
405 830 67.03381959690336
405 123 72.213580044356
191 727 61.473005025282895
348 557 12.127736481392041
505 401 28.307406534875966
505 171 97.25644320416342
956 471 69.57287371925307
925 890 6.583096213352828
969 211 28.75849724989871
78 430 18.351848246399417
78 117 69.93332710934881
123 962 67.69712104086399
199 107 5.834648249839925
757 706 42.487975254519306
766 377 68.39077162204514
125 730 69.03506814651908
448 975 67.22010857304903
448 704 36.84096615703119
374 706 18.01939437163389
233 264 15.506386021232018
233 967 52.90970564054831
233 896 69.87270435874538
264 534 61.031531016490774
48 386 61.727250113393474
48 521 38.08999010299877
738 377 59.51792222955037
738 975 15.985093222407567
552 184 87.8008487313789
465 574 92.56415047026367
227 291 68.37978908119597
227 874 35.27193738327866
217 350 30.847613906968267
217 901 75.64104780586231
687 15 98.10602306482423
447 350 35.58245236218931
654 350 80.0156526604482
430 902 24.629632032807162
45 148 97.04820867985555
45 451 29.174882295786876
899 499 71.65364699919786
735 211 57.527776301504574
534 855 42.23129733400528
534 840 4.35788995530536
211 671 37.85833079924154
840 972 67.25979906106275
972 818 1.601208276691255
640 962 20.57691718815667
690 41 27.110050669223206
389 676 69.75884288713078
541 117 83.15314195338819
541 967 44.64228277149288
902 462 36.04546760838859
818 712 17.823528510823664
901 962 26.474210859408025
962 585 28.412610797317765
962 890 45.857353752796044
943 618 92.04996138707006
598 462 49.79479724363426
57 47 27.544913608686013
57 184 11.002740398978036
401 15 16.551259214529455
458 98 29.264400107617952
618 47 54.390320724875195
98 270 41.03520551460299
