18 55 50.03508951148695
18 75 47.823904186385896
18 83 99.03644333214815
18 99 40.011032647513005
18 95 32.9048004716988
55 35 41.24245015832664
55 2 69.2253331532867
55 37 45.12547802633495
55 60 10.720611367492028
57 61 84.68028162998556
57 36 83.85437614808978
57 53 49.22025559282896
57 20 14.941048377423328
57 56 25.095224679651064
61 82 47.35821704377603
61 26 59.87384391402313
61 58 84.68723438647184
61 64 28.35088867473227
67 79 62.32226506559844
67 72 50.2694000608941
67 47 23.613025401168535
67 37 42.359032256635764
67 92 78.87059605038036
79 26 17.91680390721466
79 66 53.54094080869148
79 32 22.95744755265346
79 10 33.87822749079747
4 41 78.99807345378318
4 93 44.915134746520536
4 32 33.40227125720695
4 85 15.107210655544243
4 40 44.50240679177878
41 69 31.570903212592977
41 15 42.154153538913114
41 88 86.23916725688808
41 31 38.01851305797095
82 1 44.92692373488917
82 62 85.31599662508646
82 78 20.234634299782805
82 45 89.87834906827307
15 89 85.64928774463402
15 96 21.931637651856903
15 7 87.28495648328668
15 90 5.94143820034437
89 13 41.56657246469453
89 83 98.62939263889625
89 20 3.1797349153611543
89 7 39.715454080284
42 71 94.5591080529873
42 68 21.20757560287187
42 53 64.61424443897876
42 59 88.2966734584535
42 46 21.82027407905875
71 8 18.796684192100308
71 38 34.77732259802067
71 39 57.337086163893645
71 56 21.949359747909746
22 44 21.43695370305126
22 95 19.478908097803163
22 27 49.13725437638831
22 54 23.690288754773476
22 35 84.26436834007072
44 32 78.81181146960674
44 35 51.10427895000426
44 14 63.31476733378592
44 74 66.64815511598694
30 84 13.022030482130958
30 45 83.06671767696953
30 36 85.00737800218432
30 99 86.60642878111082
30 96 65.4122467011566
84 11 33.68398342038459
84 16 55.821936702803114
84 28 28.93680464592154
84 86 67.27638118164076
29 63 35.826803136687836
29 70 40.510140009895274
29 46 59.73093879774378
29 90 31.79269915169157
29 64 81.77078077054361
63 34 62.846499581478945
63 24 13.905227057412326
63 33 78.82536842209662
63 6 16.136760941712424
19 81 75.8198000624053
19 65 21.913003380124486
19 38 33.307398497726574
19 48 8.646413201786649
19 94 19.55146296173204
81 12 78.03801142353193
81 83 79.38823961782262
81 24 1.704097414020131
81 40 84.27906159686619
6 97 39.881433233380776
6 7 8.047538527183889
6 98 81.1240098792314
6 99 83.92007505961692
97 43 27.375470683204856
97 77 73.71867098846825
97 88 79.2396527617141
97 31 66.70629218576599
32 62 32.319888815647644
32 59 85.45620473950748
14 59 79.36008232379878
14 47 79.85866206030967
14 85 72.40577635236055
14 58 32.88983496199032
59 70 79.3836870371368
59 7 20.53500499279646
72 73 2.9763709331443
72 69 75.94769577307729
72 43 99.50421362326101
72 2 3.822010481381904
73 43 86.31524232765794
73 33 65.29211677855871
73 16 51.95027597882993
73 87 8.165522136904872
17 95 31.868255380842573
17 51 40.14387900968035
17 93 49.249518218078414
17 98 48.2948242797535
17 92 97.5924604075305
95 91 16.76457734830725
95 24 1.277623103270066
11 90 25.981270139931038
11 56 33.219430044724746
11 60 57.43700016184733
11 54 32.88667483949506
90 37 85.76044205442199
90 51 51.242755575114295
0 10 70.98149019165216
0 27 57.17235292265444
0 87 93.87284751641288
0 25 37.22575622163459
0 47 21.318467632305875
10 52 97.93540028480525
10 5 65.70658358924761
10 64 93.00840798527607
8 35 97.86401605476301
8 54 8.290763646192458
8 75 99.35968901531753
8 45 97.07856588703136
83 86 19.039111351965385
83 51 54.82264081351106
86 9 55.8115121314446
86 49 66.77087374533224
86 58 29.151178197007187
93 34 51.45100004668664
93 12 9.659173535824298
93 98 58.79120450041153
2 48 50.19533803324908
2 45 98.91055558204708
2 98 14.553846240375314
48 40 17.926727776247233
48 76 17.513666832113486
48 5 11.645979566680845
70 75 38.058626408609136
70 92 39.36306961689522
70 74 49.08620914809351
51 66 93.09599944018632
51 21 31.446627239060586
7 94 14.9398620917094
40 66 30.471728850866192
40 27 5.165865676971546
66 25 75.96595824171673
66 60 35.44831073753583
76 77 63.25468362350228
76 85 6.8059693731205035
76 3 97.3442092285493
76 1 78.26421075968292
77 58 71.34747866875823
77 38 41.22514698357778
77 52 88.09137488540713
98 34 74.0580534204589
9 36 41.271656345732325
9 88 1.7624984649751152
9 23 5.479661772753288
9 54 9.363180585925296
36 62 23.719366403788545
36 53 78.38094388146031
16 26 29.720910455110207
16 5 99.82268270894355
16 80 88.84472727712078
25 65 4.196739469799624
25 80 85.75758283013812
25 50 78.79743429929832
65 99 75.16846941302333
65 31 23.102407072365168
65 3 80.56874480764564
75 46 96.71565325742588
75 31 17.00567253011338
1 94 21.465945662940086
1 35 59.49067640195613
1 13 80.37063772098638
94 49 70.49393484248372
94 13 82.55443320650936
46 21 77.83148376999891
46 85 90.00321693890804
26 78 79.05651784063954
26 62 67.72369582200876
78 33 85.50746009308641
78 68 37.05381300629252
78 5 70.52190951106368
96 43 44.51769731875651
96 99 95.05815359937652
96 68 10.21258240640304
49 62 32.44951501278534
49 34 57.19708137930208
49 43 5.123047057877226
27 88 64.84562639822838
27 74 17.406598850791827
69 58 23.893510002714855
69 74 17.344763402553934
69 21 35.77131888637815
91 68 75.88518638171495
91 60 53.541236837879936
91 23 15.388109774240984
91 50 1.5237937106278212
13 23 80.25012560396624
13 80 34.807090114561355
23 28 12.012367005673013
23 56 88.53484546504498
28 3 38.10642736520318
28 52 78.9275112855805
28 39 13.0766697529358
12 39 27.81083835201742
12 37 47.82125934506171
12 38 57.593391533049
39 88 1.7426665744629133
39 38 75.50517812627363
56 50 97.356124244887
45 80 64.10808598830637
34 53 99.28208605207021
54 53 61.71200606786743
21 87 72.51508231867395
21 52 45.4547480718276
87 64 5.3644665955830035
87 74 22.375023866698417
52 85 80.71674120417208
50 80 53.10847880354675
50 3 82.92205052294617
68 3 83.17459699066814
60 24 35.41312030179855
37 47 78.46495935044774
47 20 93.12452146656517
20 33 40.917438755358376
20 92 54.80190773367212
24 31 12.667513160998805
33 64 69.77560109773869
5 92 75.94620050764308
