268 431 69.04647121039537
268 523 65.37931153379428
268 930 8.093621781259575
268 659 29.14939832227724
431 816 40.61967836437195
431 844 20.785205509141207
431 468 48.484500629027444
270 842 38.5606013569065
270 448 80.96709973070479
270 220 73.56876629420746
270 785 13.667254233503824
842 641 60.465426058593366
842 954 38.25736318851274
842 81 97.48455279813494
234 619 83.9322236646834
234 436 10.956131008939941
234 825 1.5613285773326173
234 583 1.754625740337491
619 601 56.959153338620645
619 293 33.480921381386615
619 988 62.29453547137527
767 776 29.504590146404365
767 555 12.008860387560647
767 766 55.58220011288759
767 645 44.47775674227861
776 232 71.89226834790074
776 35 29.18164084533973
776 697 37.38788438357862
330 807 66.24497816992537
330 292 80.62075053673472
330 455 47.50164801931514
330 821 96.91690283219458
807 266 20.261855906630597
807 750 64.34967078885887
807 795 51.049160089945346
353 398 39.1502333690746
353 472 66.37567747366258
353 263 1.3875363791509183
353 682 74.50176837274115
398 900 76.59309975775028
398 91 66.42043756169011
398 173 25.696324488573982
333 357 1.1006829140010894
333 672 39.793116548966395
333 354 54.5519475240434
333 114 5.623809120348438
357 878 49.8915232627178
357 369 29.469933677287017
357 904 61.7490996082668
387 990 47.04052840071474
387 470 11.884193887261583
387 9 4.206302955263531
387 628 87.60802336944766
990 806 24.82148670357549
990 946 28.474512421200465
990 679 23.83174424547107
23 610 98.3182235444719
23 575 95.07837487260235
23 961 62.87662914661095
23 490 69.72998994918117
610 720 34.14687915100923
610 982 29.23395533262856
610 939 52.843768269556726
278 677 67.64279803383644
278 478 61.75535086875652
278 854 61.43685584574207
278 466 3.6953807906100167
677 76 89.08510561229322
677 397 28.445764950512835
677 160 21.76505330699844
302 780 22.753543419650136
302 84 76.75485964548812
302 808 74.80805479674375
302 841 87.24652961962872
780 529 51.80505605647542
780 327 99.77880670590258
780 632 87.55697148908908
232 499 52.46601525315827
232 567 7.315677398508136
232 301 56.22591464724448
499 730 38.069894931381306
499 361 23.300488780791824
499 881 24.14548787222407
107 494 24.017980900989702
107 937 14.627298688220954
107 843 62.926386948557614
107 635 50.398502248126505
494 479 52.72417758190504
494 548 89.74610709479933
494 394 16.002659337157347
254 403 72.86541845762974
254 633 23.89445008807535
254 911 44.27480437008521
254 667 47.032020625174866
403 754 57.003843018973434
403 869 68.51173951358031
403 817 9.592513823026753
0 489 84.60945086808613
0 827 51.452800137931725
0 47 48.4406135919084
0 681 86.34491632957348
489 182 37.28415315346757
489 349 77.66764079068241
489 149 23.96672173271513
491 658 41.395757141423296
491 625 28.724599377238455
491 413 70.99646746336998
491 492 86.64214648985163
658 156 97.22144581852133
658 303 32.51462367632797
658 796 56.24521908500034
167 226 39.330724389094755
167 182 56.82606379587024
167 6 12.264251374800384
167 545 91.79697094221227
226 210 9.21058109223112
226 505 76.013863788502
226 414 50.95020074536139
296 847 71.50867943351842
296 978 45.65362340945404
296 102 57.39884910371409
296 241 35.7583141321946
847 244 71.31588944981247
847 286 80.84766612393705
847 778 46.100718676534896
647 660 81.27150350950461
647 475 75.90334532168279
647 172 21.714552831407502
647 334 83.71749618937453
660 762 92.28207956666272
660 171 8.503759837287307
660 124 56.3360152088605
758 771 59.10358648890236
758 280 33.40650043110366
758 61 76.66192075858086
758 987 43.767892764467824
771 724 48.92773299062351
771 84 84.59036465549225
771 345 72.72485375992271
276 618 76.09948068261107
276 179 64.92357369093934
276 189 27.308958634752617
276 608 73.91208285634296
618 529 85.55664205377992
618 969 56.00491882759882
618 430 87.44873787104983
150 722 7.083246126800937
150 569 28.341072953826696
150 644 77.30313133619414
150 671 37.01966167476784
722 284 30.96313461678398
722 418 46.03516246468493
722 76 35.13252558887524
587 684 6.681364897048573
587 848 49.00675988877219
587 485 54.49801620343849
587 901 14.561696803430547
684 655 12.283940830501816
684 236 68.57721853584687
684 942 97.1112382227595
533 984 97.25940872381756
533 503 82.75388038105523
533 608 66.08992084963272
533 691 84.86664683841003
984 960 6.983372999225029
984 335 8.152206765477612
984 450 75.70727205029343
19 200 20.62745776816017
19 379 96.06893548879744
19 497 69.237569313817
19 802 43.944161677046516
200 259 68.7265071345653
200 855 70.55031226136971
200 318 78.30016140776357
51 347 54.07012623643286
51 709 55.30752697233632
51 490 27.66590217044797
51 648 88.39564935409659
347 139 82.01994022995214
347 286 41.86472114649357
347 59 70.34593218110172
752 823 83.65832691734718
752 458 70.28276642550975
752 453 96.63738948088479
752 803 20.356545838466396
823 676 62.940162862314985
823 457 27.127163706633034
823 75 80.65320888098384
15 321 63.86839444812933
15 939 78.8007064280856
15 112 26.659613281840556
15 594 67.3471581978345
321 515 99.70944350399054
321 448 21.393383761332828
321 309 60.047850309501165
82 469 89.12292986062639
82 689 26.001485610111594
82 837 42.577935909782965
82 741 23.925800971134855
469 265 59.899480919034055
469 825 17.75479105151708
469 507 4.768414447900977
544 547 50.81120339938615
544 385 12.810939969170065
544 83 18.998646053789543
544 110 9.411464557393414
547 543 62.55867995519308
547 798 69.3647451025681
547 484 21.179342130663503
156 998 25.4788149669481
156 774 30.254176492355267
156 935 53.75225944234582
998 363 45.86786747545867
998 395 85.68711257129921
998 208 88.91661526843562
250 434 50.459839746859416
250 679 45.72189720868559
250 781 47.254120236949674
250 500 8.458556843857988
434 421 86.82170330433753
434 477 21.403025199568845
434 737 21.38386830216127
322 839 75.27292622044948
322 828 73.47158381208556
322 596 28.22489745313891
322 594 8.480738406902276
839 414 55.01459756815669
839 450 89.3627218949859
839 135 19.01808130157969
638 763 68.99548677909986
638 71 50.30059408804357
638 153 71.98280409216197
638 326 87.57078118346213
763 746 2.493572473600406
763 621 92.45155939290979
763 343 82.12202264460227
186 471 62.648472606348285
186 700 75.9679340323134
186 146 71.5338884006112
186 972 58.83598935388656
471 428 6.233663229980916
471 272 83.24490621300444
471 809 78.47245584899436
313 709 90.35714787689734
313 623 75.66430316669025
313 1 24.488059143986774
313 372 30.108644410305565
709 78 17.15483537317624
709 670 39.93029418202945
679 918 27.360838293084466
679 558 38.53565901500104
918 814 5.755488548095791
918 240 23.293536547055393
918 208 99.4759291201206
77 635 89.19467942809983
77 350 5.728920913378344
77 783 6.331174642170907
77 362 76.85580770651258
635 427 45.583881798909474
635 953 15.555681872820768
145 881 74.74490409441232
145 844 17.678498571552375
145 953 46.99216663854376
145 181 95.9984605493015
881 134 27.305950348657827
881 682 29.02912161673403
181 557 55.9069787412859
181 830 96.92237256040704
181 996 86.90158715064199
557 636 56.86611003949808
557 884 42.293638394196236
557 292 18.924587995882927
664 927 35.63107700176715
664 573 60.55288310341644
664 750 87.80021158547625
664 117 24.82965954427696
927 467 67.78222788689126
927 761 78.62609433511574
927 249 71.32675070885855
98 221 54.519105508495976
98 12 29.992061240197952
98 466 25.595517558840243
98 196 34.5417530287993
221 862 63.46123313375199
221 745 45.5749867551923
221 363 46.99346543544137
407 874 68.59688014573047
407 300 87.74037969521716
407 786 56.9101481078426
407 755 56.51949419266965
874 418 96.42151620766757
874 757 35.455016100825034
874 97 42.663104350948196
32 632 46.1202800536981
32 395 8.910619538580756
32 556 35.62050916058345
32 950 73.94826070870243
632 743 56.81902213400606
632 620 53.186596163350806
293 761 42.552519634070606
293 738 12.654027512309499
293 161 50.84342466651289
761 314 58.70260902344429
761 967 5.570787858573543
187 529 33.069419279597426
187 551 79.67840382890495
187 102 92.95895166930536
187 596 75.19952098074003
529 663 51.952641576685885
225 999 50.341243914555506
225 307 4.8293472510050925
225 464 37.25735019356032
225 245 26.811298214077667
999 799 48.77179783649305
999 343 75.21757698182911
999 428 51.30753438136432
445 814 57.60316686711196
445 836 99.49852534115556
445 137 97.22351302777903
445 242 69.24221238364758
814 991 70.51829000998391
814 523 38.43433984321635
101 193 50.312158553015685
101 134 82.88498254693582
101 945 1.831474979398458
101 152 18.544685356196993
193 175 98.49044502976604
193 524 29.419432237179727
193 290 90.66629237816106
174 194 49.40874946688685
174 605 6.4108256697077
174 766 6.813272032102342
174 290 47.94193993595978
194 358 69.48497402952042
194 882 18.43620991546977
194 531 7.763485488383322
816 55 21.206500175304207
816 895 19.293358143024076
816 976 89.28179168653445
16 625 28.66576019212621
16 783 46.04596398834917
16 715 31.765715639992557
16 667 95.69178742693424
625 110 43.46648094595359
625 750 14.725199224164303
326 905 11.445894417223899
326 274 50.91482561294559
326 351 68.86024448691003
905 248 8.218070005220806
905 996 78.97928678430077
905 183 60.24884739690148
257 377 75.51894784336683
257 884 39.61568297743473
257 759 76.2798458129954
257 537 43.15473394207082
377 701 6.631075642319068
377 303 7.988956472301178
377 284 96.19454358460403
78 644 58.89723002747748
78 728 94.27504114319676
78 541 39.14010205341915
644 913 94.23364033247793
644 315 47.02311589081966
251 685 38.30344042727174
251 651 98.15090699107657
251 915 56.392608638961896
251 191 51.186990354578384
685 92 74.86802062983055
685 869 45.93508880562265
685 672 65.08082672985812
512 908 46.32413936783182
512 3 86.08455658265646
512 258 12.527955919983697
512 868 24.903554951803095
908 118 99.50249868177146
908 294 30.706437837625373
908 263 99.02540686600848
622 634 33.28087206762504
622 339 20.427261168374358
622 858 58.972752073472186
622 956 87.36753737465561
634 525 53.90513908661489
634 803 47.37252657237625
634 597 16.262821511869458
4 565 5.343030753849397
4 281 15.931977688445635
4 355 91.52836614778889
4 542 40.51695805509272
565 283 13.364283450085914
565 607 97.87220092435895
565 325 25.29017058668921
668 716 30.102033499505946
668 549 11.762708157012543
668 114 65.44601846825407
668 530 95.06674849897051
716 560 27.633689179230768
716 388 89.17752879807358
716 714 2.1104894813779267
108 334 85.19505054890837
108 253 80.96618581602598
108 239 30.44893828619348
108 202 13.736962124851594
334 879 98.92111832502486
334 616 10.30979036823219
555 87 93.87569921041197
555 131 45.07173021008727
555 361 26.780195753576205
113 160 49.97629193255738
113 724 40.69084218835765
113 944 17.259999627410487
113 79 70.07125105214523
160 185 33.35400081831033
160 319 55.60834461771788
131 980 83.0979658454901
131 44 71.36791096713065
131 527 47.10550467221746
980 966 50.50566082501612
980 551 96.96392410622124
980 713 63.289621626134306
320 657 18.97678592801189
320 536 4.4982855798701324
320 840 68.15634578543309
320 975 77.0646649337754
657 164 90.28996450723662
657 745 83.92946341504926
657 319 3.2838527535927766
125 942 7.740391549180962
125 336 2.9952016485418023
125 501 22.085338308384504
125 513 95.3515251781761
942 423 21.049277040167734
942 415 17.67002416614059
738 985 6.659909820308074
738 875 15.733925737684334
738 829 43.34826946123721
629 947 12.831258986016646
629 261 98.50173968333546
629 971 90.24667574284173
629 163 55.411021522336085
947 562 73.79005001118846
947 653 94.52447110776377
947 400 32.278533564988365
185 923 70.10521716900031
185 240 12.804798961951906
185 229 84.76896129689402
217 952 2.068876731680373
217 364 86.30836839997427
217 877 84.6159373406439
217 306 22.41729779578445
952 115 66.25477313085634
952 838 46.24233814087888
952 396 93.85119531249883
87 797 78.6714562014703
87 936 19.462883156610662
87 963 36.84970328156043
797 509 58.99605643607227
797 468 14.71030996677406
797 653 44.418086151347815
164 588 16.56730626540557
164 21 86.13364347465011
164 583 70.85166760457257
937 243 6.535357424498208
937 153 58.31450621407167
937 417 58.19585474437
129 754 61.90666837219919
129 582 30.44266333721585
129 712 41.82894697019964
129 689 22.022818389173928
754 804 82.96291315727225
754 856 92.9204562939197
42 760 80.10028226948634
42 656 80.95599613979066
42 479 14.865855084515928
42 318 79.77428315540214
760 420 37.344436726322336
760 811 11.258915469083032
760 340 74.34533672172164
479 589 56.694335299838386
479 373 91.34246805515394
589 591 29.55236146693139
589 969 68.03664192538474
589 661 33.23425334678603
189 887 33.54327421038746
189 265 49.572479683604485
189 112 86.5666030083
887 707 60.0170509138188
887 486 86.94255879914816
887 454 7.7750773722762725
62 926 4.773696429929998
62 516 13.307001179767635
62 17 83.75194834954753
62 38 3.505820369804725
926 204 50.61583543080215
926 388 75.12189725710972
926 958 83.02569302886683
429 830 67.54853318538382
429 13 54.201520005387835
429 33 18.102546477285017
429 277 40.437821690248
830 425 15.750327541951979
830 637 53.60956930151743
46 948 62.1731437018221
46 770 4.398696235116575
46 724 12.420396484255187
46 591 61.645371786355135
948 457 97.16845895772825
948 126 9.319144656070023
948 260 48.26048300028012
179 670 91.7988897535988
179 846 72.33271839185025
179 266 91.31661240443337
670 446 72.13711905554177
670 628 15.389479332850385
568 895 37.58123226118019
568 574 83.89503346182927
568 312 45.86361846575738
568 482 84.51368047997593
895 375 28.93516062644667
895 593 54.52633488383663
470 246 78.1161147192291
470 991 92.41887122642152
470 992 26.551664817017674
344 793 68.34865153866166
344 299 87.70353180828215
344 509 15.0284562985609
344 80 14.327654714868796
793 203 86.6033847756493
793 659 90.30618367864506
793 563 54.42594328989589
623 666 47.995941441728796
623 497 52.13894765738853
623 560 71.90998135768956
44 989 28.38129118130561
44 739 97.1008409614354
44 372 86.91088082441836
989 721 9.002031210498135
989 972 86.98677589396162
989 824 15.968070404119286
151 859 86.11218597747578
151 103 45.28093424161018
151 986 71.1592393728891
151 492 85.74506713778428
859 602 38.797621657523045
859 50 73.4100809685274
859 994 83.74536301126014
280 513 89.48066095510949
280 285 96.29258761751461
280 213 69.42793574769851
513 114 16.430501364010453
513 997 56.64037058521976
245 423 54.205616669085636
245 141 23.5303148089731
245 893 5.935379558181195
423 340 31.935481235707183
423 102 61.08827564238549
84 419 51.344211986558335
84 502 91.43119381506855
808 373 37.983471322802025
808 836 99.3957712636642
808 766 86.62517243216506
195 229 94.32693104955922
195 799 20.256662761836985
195 446 57.15028501021364
195 123 58.9619960711497
229 609 16.419588752380108
229 835 19.060020022779558
14 465 77.48747203363418
14 546 94.35370307892772
14 227 76.8431897622286
14 261 36.959013525703085
465 909 71.24109898496457
465 538 39.70427673336813
465 977 44.174626189549016
116 436 45.03045367103025
116 139 28.63206684351627
116 350 58.10061370093546
116 864 70.5742981508869
436 826 73.40649225593333
436 564 19.554632714023096
560 584 39.53836973061969
560 158 39.823482369109904
584 52 50.86394262213245
584 487 37.92038772874793
584 904 12.152168275532318
425 585 95.89144612161566
425 79 69.95323773323693
425 22 51.29903693168859
585 365 61.18825173221554
585 522 84.8462715109118
585 764 84.88882119914891
8 960 8.713096325636105
8 224 4.756933383288765
8 430 34.189586333181
8 466 59.501013946172364
960 822 12.750329884057535
960 120 69.38540788612141
395 178 94.72440689045307
395 92 84.4409483455976
696 994 6.903298873464918
696 550 76.41147208031025
696 884 33.82860009708219
696 832 65.8648153951335
994 917 93.06920923069224
994 800 4.058479868900452
883 919 78.97544881144435
883 593 38.75341721591549
883 617 6.617179577762893
883 840 36.13498590349815
919 252 21.181672469498828
919 103 3.201091450698074
919 556 99.24309266648267
3 891 40.42054066588987
3 855 10.759880326956454
3 893 13.703811750231104
891 204 20.998002813858164
891 680 25.998861080197496
891 566 15.980565820442479
810 828 87.31523471941597
810 938 92.62490395812938
810 214 12.92914595254147
810 995 5.731984438330877
828 607 56.28082825268499
828 367 18.301286464761077
155 768 82.09533136116558
155 913 58.3387516855292
155 843 29.55554014506547
155 873 19.747606685666746
768 2 70.57633718001374
768 878 77.22588494182476
768 940 1.1353126318081206
307 765 41.166097162746965
307 41 38.01750708708597
307 314 54.94036702305893
765 755 37.024410730106254
765 645 15.499256227852655
765 58 56.026783085215214
492 711 99.74904400044082
492 309 98.93807099807401
711 180 43.85452671108322
711 159 38.29314806378602
711 799 36.328797122179736
917 281 30.974368821372284
917 212 8.280197395134206
917 599 70.14337186976599
165 845 28.247899385770598
165 507 52.8059829861346
165 393 76.52679932325454
165 923 62.66651687906151
845 96 79.15793686516011
845 706 53.88979196797001
845 516 1.0201457923537975
76 889 99.07187199075231
76 836 1.5820842154451684
889 29 38.78897680282609
889 352 17.730253358679562
889 282 81.29971866969152
504 706 44.30150772698996
504 446 79.564533563315
504 641 44.78012994122348
504 567 66.58550506069031
706 538 27.37349199542155
706 297 93.8637446076612
549 45 52.11316428414147
549 412 22.367841997837306
549 931 18.180695175754344
607 203 67.16715529199021
607 310 1.5781833065929043
132 391 39.18166785910036
132 10 19.91366144257514
132 198 34.475180763787414
132 284 38.49244710048456
391 45 17.18064667900103
391 909 41.387897478876425
391 396 70.3313209141147
246 33 50.487327448368056
246 853 28.76247517319322
246 626 64.31325103747226
655 885 57.894999848544124
655 595 72.23754424078197
655 829 68.25508813088425
885 627 12.84468122459091
885 974 58.90339761687863
885 176 31.674252343028662
159 335 87.85458947970214
159 832 93.18156753276143
159 386 69.91033414042849
335 138 30.376941370283525
335 390 59.871561163931034
458 597 11.386541727550718
458 378 4.966871404752552
458 813 62.99876767313617
597 354 68.09309737291038
597 863 25.340935825058395
369 953 83.54147599553414
369 815 19.22972170250991
369 348 68.13435370805384
953 882 99.31258241298677
481 924 97.11416944738207
481 700 77.44668826990765
481 140 67.95436405053755
481 60 37.20550690984965
924 701 85.4472391043476
924 751 56.76357553165352
924 520 25.62076482370559
540 699 61.300578159507175
540 740 88.0420492440561
540 223 74.73099929493777
540 872 56.074666903032124
699 205 50.64745541897926
699 10 49.93779853578403
699 884 93.70895371797975
300 903 9.420949846308792
300 915 50.074668483575266
300 285 39.46949380897973
103 231 51.643853916381374
103 945 55.03848237226029
259 34 71.56862110505134
259 914 6.194974191888078
259 537 51.27872254202055
275 892 77.2012861243585
275 784 65.09526555269858
275 153 90.60305895017956
275 733 74.93563812858352
892 1 6.2003438895358665
892 202 91.63296100310568
892 815 49.64386366361794
500 897 18.451870731920067
500 649 79.57898835187216
500 521 59.8023653110223
897 464 99.35751512480198
897 907 35.58264965403779
897 209 12.036239914578962
92 750 29.432410739678268
92 314 44.33080142773266
370 968 91.36920346028853
370 790 54.088073334444616
370 966 47.06914175008948
370 811 88.17026592904344
968 27 56.11120895830221
968 410 76.14555539521173
968 201 25.861515067128636
385 376 70.14603214469511
385 777 37.03583127444074
385 518 85.11650688798957
6 464 20.447034616972964
6 563 94.39428994743123
6 525 99.46631877046957
464 420 39.87189748605538
138 287 43.84112038169043
138 274 84.98722295366227
138 743 84.75294524582392
287 394 50.09182186117873
287 804 46.60690499338828
287 705 3.906961753277365
701 267 82.27429389383947
701 260 88.87954003726114
637 689 7.146408391527997
637 910 89.44726238263054
637 298 90.99025901224135
689 575 35.90365916600329
284 190 90.88622690838082
849 894 9.483514262166974
849 197 90.55910386299428
849 380 63.43523516941564
849 188 31.75763344632506
894 175 37.02700998625517
894 698 91.71704428169856
894 829 12.386436492670585
700 223 31.16815763399541
700 833 26.79441373471815
598 615 71.4440307502994
598 384 85.46109233850741
598 70 74.56334788556312
598 100 25.810452894538752
615 142 45.81528875649293
615 748 42.07822749577007
615 707 60.6674990560323
69 981 2.283772592032536
69 556 98.42405004713285
69 410 76.23990398074704
69 729 56.94266105793362
981 541 98.92149565369763
981 137 46.043714043498866
981 449 53.84143207063301
732 941 3.450299019300192
732 381 64.85295117323426
732 460 38.945784794203924
732 601 50.22587666742634
941 111 25.291873796687398
941 196 9.19942598791575
941 866 47.30803364531391
511 576 67.68890919356647
511 188 10.691210191414381
511 794 83.55269556991462
511 332 84.38508811042905
576 779 3.810793907685624
576 255 64.23695113536522
576 426 4.863043192074505
120 957 11.108275210397533
120 81 57.550247471295656
120 291 19.46136374158529
957 325 90.82423319880898
957 90 14.08975781239389
957 352 51.29823124215367
546 681 34.52033542085593
546 295 9.96990104026203
546 896 48.67146911132688
681 993 55.09305307645777
681 921 75.51156938505162
356 648 52.49455414910546
356 137 14.73173704120432
356 148 64.07103480114796
356 53 4.120727494880956
648 316 85.93989786340015
648 911 17.36805544587711
283 906 71.90229965954252
283 964 91.37577310610695
283 733 25.888062125625027
309 488 74.40379137638834
309 417 4.92128658009635
488 264 29.108721159767292
488 316 77.8756092639642
488 851 52.07672719820239
882 935 94.25577496558282
882 848 72.5910361421192
935 553 99.9179609839555
935 456 4.939740645616579
779 943 43.40113522492727
779 105 43.60221777642589
779 971 87.41088540352774
373 390 63.54239300725274
373 338 63.455438211792654
390 925 6.73728876377273
390 971 65.62795183127201
911 954 62.42701182060106
911 63 65.71919148379666
954 519 98.40515489943738
954 718 53.37536381008266
762 729 76.83648546740898
762 249 94.63202859728686
762 127 85.15374476654581
932 938 70.83059896095851
932 66 14.832220052217876
932 983 2.985397852235048
932 169 76.16367690410789
938 561 47.14412660781005
938 467 95.40410355335628
613 678 74.1206215899827
613 105 76.1829217107466
613 743 67.06710502538664
613 260 34.71114117317786
678 26 18.906546773017542
678 801 73.08738002074183
678 235 22.926513655755357
556 603 88.29078176598553
35 205 47.00601398706206
35 745 93.73148475802172
35 158 36.32318081888586
342 900 32.61580184556923
342 970 78.70774476565882
342 820 92.31552306514064
342 123 64.04617847948384
900 175 92.56256427665845
900 886 29.16753273672872
244 119 97.21903909826766
244 297 89.04373404125857
244 914 29.281730404610197
191 609 25.155910091999946
191 79 78.07559452150664
191 759 10.329763211718241
609 573 30.696030473053824
609 56 82.08063184416116
348 624 51.75610983187206
348 367 62.107712564138424
348 176 74.06977146907593
624 636 8.71656222852992
624 388 58.88541509298101
624 115 76.97959270853616
426 851 53.070074216235966
426 787 89.76623323612931
426 627 31.406144506007383
851 893 29.611407751922858
851 341 49.07442865931904
206 263 45.44927625346132
206 118 65.67985811621163
206 543 32.33740749792959
206 371 67.77783322738075
263 205 39.0795453578354
136 223 14.168432392443142
136 799 92.11709838960495
136 291 36.92925455376974
136 697 23.453159899025554
223 339 87.8823709905879
238 457 14.846082470089048
238 826 25.74338360697661
238 876 23.600320430368395
238 83 26.332845539715823
457 530 58.78233329284957
541 903 15.98232670599119
541 219 52.60216055219905
903 773 87.37046792955775
903 13 14.868523572488755
140 219 87.45914421158493
140 227 31.89668084125898
140 964 24.291151051789114
219 408 11.722153157602099
219 588 60.58537176632506
417 493 80.69194473924162
417 41 21.556353050923793
493 149 35.763524533030534
493 298 62.13252268894172
493 40 20.579373591340314
197 736 15.8726404027598
197 856 60.56602279272456
197 651 40.694224727668335
591 37 74.86603618150288
591 715 18.872177138732216
538 959 33.38184889573064
538 392 9.996784205737798
959 115 32.30679234725761
959 66 4.198207319284352
959 375 27.671849343023233
562 421 16.309792793544347
562 566 35.98389057109255
562 792 95.96913447270433
579 979 37.04667953697935
579 478 86.03672454764624
579 389 29.704500110241145
579 31 23.267479373037467
979 148 31.68839228867158
979 949 43.18613507726695
979 437 71.42320151304176
319 450 3.0515392896827187
319 386 74.52796840586701
450 477 97.69927346356447
288 669 34.748089682483936
288 729 86.80113368187706
288 963 97.92754842754438
288 446 33.589487164138106
669 731 18.32740877199191
669 656 87.52175825870665
669 846 36.26966927957323
256 886 4.205105811279561
256 850 89.37844850167103
256 209 94.16281020844312
256 451 7.502412503613263
886 233 21.450942602665137
886 890 49.207966364176514
405 672 80.30337679052782
405 725 54.45301224030343
405 723 36.23274009188374
405 854 58.94989878339667
672 218 94.6361847963251
134 53 88.33172752818194
134 933 1.8408309460010204
88 506 72.38075465555009
88 274 17.797595420221704
88 548 32.233211774144436
88 921 57.783722537590116
506 239 20.585830710854605
506 985 32.112671201991596
506 818 9.998161720238237
836 497 88.47983585410557
848 490 82.42896777876871
848 439 14.98687007383149
73 526 83.72006267632983
73 744 28.715731350318286
73 146 84.74623663155636
73 291 62.43601807573912
526 437 98.42084462678145
526 573 3.191274472983922
526 764 87.42997722987982
855 242 53.359790745261975
855 928 56.52790582867959
81 928 85.58765153906114
81 721 52.53552088875712
928 49 41.467371037830866
928 710 78.46219774902548
630 961 34.65019360556955
630 835 70.9205949237537
630 977 63.967991861669894
630 825 90.33780518277293
961 408 47.134012440550826
961 697 26.541424741846466
467 777 1.4907533327500864
467 473 51.39616605310563
358 992 93.3196480542579
358 570 80.30399333305672
358 364 98.01339143999601
13 872 33.514650082341774
13 483 65.39150165044089
316 324 29.120096702287274
316 806 20.6412940583792
354 906 81.63067311974928
354 574 37.00802195181182
906 726 60.95932914475369
906 969 43.19140431203815
746 392 80.48194054964118
746 337 48.27748618666124
746 218 40.71971179742578
627 702 48.06683733315988
627 736 81.11869782340975
242 784 68.27157007657495
242 452 2.4471476659382643
188 437 24.4131119298583
188 36 50.30375094518376
157 286 57.40229966561658
157 921 7.5945434751735
157 673 40.828274920697574
157 89 74.70057153287323
286 89 81.17303136205965
72 853 7.514539669860278
72 694 29.99353958767681
72 671 61.51779152377852
72 646 46.9632438644372
853 686 36.431337951624414
853 212 87.02161991031616
327 594 72.68131723380675
327 815 42.64853367628895
327 574 60.82461082783501
594 749 90.7870193745844
510 604 57.69014802247975
510 9 35.36446379905126
510 949 95.41811854682904
510 142 38.08367807060524
604 683 32.97046435295515
604 477 6.5131576190412765
604 290 12.47877435002222
60 161 26.10281065461697
60 582 74.38212247548397
60 207 35.644688019688
161 719 47.89825952641899
161 366 18.08889416022011
459 692 26.050447986397568
459 991 58.61449752401261
459 777 70.18264240951693
459 100 7.206375293995718
692 503 57.553479765461866
692 756 30.560747618891735
692 67 55.70865739563379
281 642 24.726575401485537
281 708 4.7317289847790125
154 871 85.2490078367269
154 460 91.6657083771041
154 183 85.15336666539191
154 289 84.27835703708766
871 126 12.208437596046009
871 392 57.10122623075387
871 401 32.09350446168405
428 95 64.5005335314293
428 791 44.475998368917296
674 964 41.46291894990433
674 149 65.75060022032154
674 577 73.04284845986844
674 461 70.09805451584775
964 519 53.28755916472804
158 248 73.08371740099336
158 782 74.21290549202764
248 143 19.025951792722495
248 606 58.016930432784605
394 824 93.6112063272068
394 18 48.69541268956442
215 548 49.03903015187634
215 166 96.48204067924225
215 462 85.20536776861987
215 363 82.11945644929516
548 521 5.462482450299287
621 566 65.459097749799
621 945 73.61453956794035
621 376 73.40108331404652
676 220 92.84253273095646
676 818 22.03442278569929
676 422 48.9518475117571
94 645 58.47936242129623
94 99 81.0110427093652
94 525 33.50370662339942
94 399 7.267508469989568
645 789 33.827625715287596
184 876 51.707220428086536
184 745 47.134675539783615
184 243 84.17042174983303
184 393 64.09519543174385
876 143 22.352877419932316
876 861 58.58464810659314
661 811 11.669482507708873
661 27 73.4054835818777
661 955 59.46555590683668
811 24 97.21461072805228
12 606 16.601169551913447
12 419 69.40902918407342
12 583 39.26433275110308
380 653 3.405418315045327
380 867 48.864149089055125
380 127 47.242897767616725
96 753 90.23854057388006
96 364 80.04700913786915
96 798 35.287672953367014
427 439 18.841486879123707
427 888 66.28594109730282
427 20 91.8140537581329
439 401 82.0974984961602
439 498 76.68250189674536
255 611 52.80712836253876
255 528 87.99637600797952
255 902 49.93784853402624
611 442 86.25060449865528
611 951 12.31954159327566
611 441 29.243327762684665
172 820 53.56182166497704
172 147 62.08677789317633
172 485 87.8652450209864
820 586 61.79006444166578
820 818 48.93953524930579
899 958 90.82491185420591
899 578 7.231441297842674
899 75 75.9364842663848
899 553 25.98429270060472
958 36 36.43902375990731
958 295 23.988856472319597
413 868 39.350373391471756
413 119 43.89553011087409
413 323 13.751547420546668
868 168 15.094822332295623
868 712 55.95628119735409
126 22 61.60265471179264
126 572 55.35661491981881
805 835 27.22167608721682
805 626 15.52141281759782
805 829 99.7902577610543
805 977 83.38076355295867
835 435 75.89133496429628
143 702 57.30038167930803
143 233 33.08131704888292
168 749 24.694466690657457
168 237 14.282170890638119
168 202 54.76324725227563
749 524 32.55727045969152
749 34 55.55317930360868
468 577 60.91720606724892
468 441 12.236652730478857
577 861 93.29242519346641
577 673 25.965362471544783
734 956 44.540150398925235
734 966 70.36652888280547
734 730 75.37373016577084
734 939 62.78031761123867
956 66 43.43638190709055
956 863 93.813604600564
180 695 95.7950979311492
180 86 25.237108673798268
180 201 56.72330451735275
695 652 14.050952988257894
695 312 88.5212267570018
695 305 71.7143325036422
36 809 99.20062439741375
36 306 94.54230277467173
809 534 73.96538725321243
809 295 88.93732242396085
243 337 76.48795006176805
243 192 79.31018073522006
337 719 36.71198943541859
337 552 95.93160662093597
340 857 4.090515999423048
340 482 1.7013385487133095
531 652 29.54325545980527
531 786 44.502263608233584
531 209 77.09572492869589
652 865 91.57014902777009
652 988 97.55150549879914
34 639 35.49240129179288
34 74 55.39139033462185
149 970 6.184751790848584
65 85 46.96297703820435
65 790 67.22256171208053
65 550 46.4039750652787
65 509 30.479099328136584
85 837 92.50270389905862
85 812 71.78381854630364
85 515 68.34920023177658
144 580 64.50676663580458
144 753 28.158925882635764
144 175 37.949563669608104
144 18 80.11198918502949
580 717 87.32920051196037
580 400 33.03221644492422
580 774 3.8971393322811276
702 269 84.01568030490847
702 646 34.65195585342176
804 720 29.38953510300967
804 21 56.78218886005364
850 857 48.94464774748457
850 641 39.827842941545065
850 772 46.356585636220885
649 294 57.355416711150575
649 142 84.86663227704031
649 29 9.455959503230154
378 408 18.730539509790276
378 643 61.22239997167687
378 592 73.30310207054596
490 605 31.06753802852288
605 216 18.419126243812325
605 519 71.3174204312599
111 570 87.84608272680296
111 45 18.089359347055378
111 784 63.72624326968625
570 133 9.993913998243773
570 554 38.76819714065177
115 756 65.84418283399536
294 56 40.37524448770842
294 381 41.63036316140471
740 279 3.7703140384770952
740 901 87.40905013010577
740 475 88.97030672585484
463 727 91.52667129502778
463 522 97.72636457466253
463 723 43.43135005765058
463 521 4.88434900088374
727 364 85.53624201205065
727 117 33.60767717236108
727 824 98.22461620721326
372 451 18.760527908534257
372 173 34.220369704320056
451 249 49.989436094395515
451 411 30.718765960872314
329 663 35.26595915647873
329 496 72.39479015512427
329 509 15.449560086173266
329 714 22.733356302618166
663 192 18.196800655978205
663 400 64.81068497853425
271 865 86.90893682661681
271 495 57.12750472529064
271 30 48.3101559091944
271 854 55.65241899069508
865 748 78.73745784377255
865 857 34.19539150844757
643 757 94.37735117547948
643 912 88.6735760017666
643 551 23.109092122745473
757 382 19.5920586664835
757 5 69.11494463272292
970 190 90.84810874162797
970 764 37.04554994799006
596 691 92.21049365473024
596 631 88.17130141912445
691 374 72.69744500547823
691 983 21.803954476156907
516 735 46.177760878216965
516 795 59.37137584132748
110 827 36.01077212612057
110 774 86.47419544429532
519 687 38.70221101832652
550 24 72.34065471272345
550 11 36.37352756190358
530 38 59.033031837462325
530 517 45.14956946726162
731 235 82.82649405337789
731 317 37.06391338933084
731 817 2.826098840649573
602 432 98.21332463072152
602 572 39.12752783470908
602 593 8.85018545624012
33 898 15.539325472457731
33 846 48.83838555560033
418 40 54.81446508899816
418 420 14.15910797968616
421 297 39.27888374183994
421 988 51.08123668822354
483 936 33.949865951325265
483 642 35.122444752014765
483 955 14.02508527097907
936 665 34.99773373499357
936 515 4.393684367884868
651 600 26.682506702049483
651 803 55.37637102456377
70 534 88.80580806393286
70 383 98.04884644030138
70 775 66.50089111184636
534 410 93.20484872266206
534 361 75.17028148859525
991 787 36.31189068944117
381 501 13.47057814445298
381 834 86.2481950096391
501 452 34.33773437691919
501 720 82.05761613390847
171 472 29.112918793765175
171 977 21.326789093987163
171 788 37.655703786278984
100 920 47.89180486008271
100 946 17.323973951421287
920 599 58.94467958799615
920 39 43.31952669811399
920 233 32.28105930291896
502 683 92.58984652245822
502 907 65.17771830636008
502 833 34.132198475801616
683 527 29.538329828768013
683 258 52.283453510434214
376 41 79.86746667255225
376 834 20.22941515368857
178 40 42.373332733611576
178 802 52.48921781866383
178 528 64.31062433817459
707 332 1.8215255007801545
707 231 45.68603907920693
898 285 5.979962503909688
898 646 44.03116105659556
898 965 78.31906062571238
289 931 65.66425491514508
289 28 78.39999748157192
289 528 80.12393327765693
931 852 15.407980031576871
931 262 26.778922746985938
59 537 45.36768021968723
59 785 67.84034616357457
59 39 91.54935586311883
537 930 20.19502020054849
728 11 19.355582615793878
728 119 37.34359964510647
728 415 59.267318749900326
177 419 2.5116769872852465
177 803 92.00241056469622
177 523 7.1338540721403625
177 106 41.2693087836389
419 396 28.39125331273551
323 841 19.058136666902286
323 520 2.6287236226128843
323 867 91.60936852488798
841 122 2.118830531754198
841 975 34.03985585107966
235 733 47.81053348790342
235 318 44.73735928554026
285 121 12.172129212421666
301 770 84.4832516543847
301 462 16.023181061000784
301 888 12.123787484681364
770 435 78.36179832298123
770 267 72.50869459318066
586 976 37.43562133364288
586 910 11.693709214837527
586 617 75.4425942987705
976 360 86.91802049142949
976 934 83.33567136037904
112 386 71.00862606752125
112 558 82.50442931112791
386 495 84.7731504058589
753 163 43.427426735497534
753 362 21.020152119782573
299 308 3.9704108065207384
299 946 65.00743327097692
299 950 40.32129764760362
308 389 83.41990846569786
308 68 21.257727309285702
308 860 88.12135986438722
105 916 1.4427028086901519
105 359 4.847101799374677
832 305 23.151380287312747
832 626 25.605360885382645
666 950 54.52267168019966
666 328 90.85808473670217
666 45 12.257855151520982
384 759 26.509412279154567
384 725 99.38520418936454
384 498 76.2422731359777
99 972 88.47182976791895
99 606 33.4783290086336
99 993 60.3187260453437
972 447 61.59749167026685
233 360 10.166143137956347
253 800 2.4128133755172545
253 524 48.30097496755965
253 328 96.93468867923195
800 561 51.994211556851674
800 80 13.772960944640117
826 923 16.714437557850946
826 680 9.838520980608854
985 929 7.2244288765158045
985 142 32.15755082363086
909 503 15.120007373872683
909 480 66.8908418524563
943 362 53.01732527611366
943 91 3.916811688089572
943 346 92.84222968327866
599 196 72.38652804649747
599 247 86.97250420994726
227 47 63.379917570402135
227 264 78.69443171797708
730 379 48.46057209330312
730 50 24.361726086516313
743 840 19.711251921452703
312 662 47.65738992529688
312 751 57.449795972659444
662 95 71.28006736962027
662 146 60.90741176814174
662 466 37.286995987792615
26 121 90.01626574959364
26 127 87.22689521469562
26 261 11.854698673535953
121 995 14.05342277112028
121 736 52.963990005525766
5 83 83.08194323547916
5 978 3.640769092001111
5 633 77.87995061567015
83 127 3.32360228173673
264 239 33.910886125490904
264 28 49.37404994661261
239 324 52.33353383284307
9 993 45.94961121968571
9 973 20.1607059133627
993 782 61.44119971446164
146 86 56.65544675611469
2 729 28.328798180265093
2 22 18.709369083307084
2 279 41.862619558644425
914 791 95.38836738736866
914 58 52.896206057263925
205 581 19.974214106587908
133 55 64.92163206045298
133 314 38.51938583117308
133 654 33.180121338506986
261 769 31.262004807352806
95 90 10.37664557725074
95 723 21.242665930855612
642 726 52.70462384555202
642 542 13.549598895951664
741 875 31.85905203326867
741 581 62.54868608547954
741 460 10.268336386494815
875 54 94.6204904504138
875 571 1.8929649595983427
478 124 31.869506083633503
478 775 43.0242925294596
315 879 5.153559886983101
315 339 90.92302825616196
315 922 70.64178962278247
879 869 78.98780204942787
879 128 71.84171001072487
843 553 67.2272397091528
843 119 34.43015839662874
104 424 98.63281846712593
104 57 12.387344998622465
104 888 83.05731792207709
104 473 58.40305166905991
424 973 56.56319928750926
424 912 8.210495193568526
424 383 13.156977688321925
432 210 61.849133625791666
432 351 82.47309036722133
432 713 31.903987403026544
654 864 51.51397428612394
654 359 40.43217515843133
654 214 73.94575438068108
864 659 30.093961752505965
864 162 24.526735040965104
912 365 68.9269047026155
912 901 65.8354311664181
199 476 94.7708309924136
199 612 16.96955850091475
199 11 48.33734259608003
199 870 61.826612684590714
476 406 32.18666659341257
476 680 74.28387399887893
476 461 85.92310069112038
697 411 20.322412253227473
331 518 78.52651490287388
331 817 9.239890856815865
331 148 6.63099813060236
331 393 81.49203763867845
518 382 83.49642918296972
518 834 23.247769532042682
247 831 91.50670602377105
247 237 83.13622375228312
247 554 72.08187353137797
831 813 60.39266491872943
831 486 77.86265306845992
831 772 38.3850034118967
379 974 12.837395151127213
379 122 88.27619330023417
974 222 46.55362592374648
974 399 93.59440331623306
400 578 87.3700656585828
578 718 64.35183183969983
578 902 85.37760121463077
686 818 65.9221222347029
686 665 85.35186657888005
686 64 20.788985089393975
49 535 43.20441824792314
49 317 43.71087927937471
49 258 55.05394543522109
535 449 10.125742967718875
535 870 35.085599731368504
535 406 24.40930317699452
503 368 69.35845650029535
857 866 52.895800137893396
719 67 8.37002094028445
719 542 72.74106765738892
435 213 99.0305059615329
435 726 56.36845986530763
422 856 5.086638685798843
422 343 27.671761295102353
422 273 18.921529712975506
856 279 38.85751300114914
341 462 99.85986965102435
341 38 5.7710256110197475
341 929 18.661333295663425
462 656 24.733418860089436
89 720 10.652007259109766
89 986 41.98105990290616
61 532 95.48643020150753
61 20 13.786701836371423
61 135 25.212228056346984
532 558 19.11043132647635
532 690 75.81414148677949
532 505 3.3214108064435712
890 860 32.055657220572456
890 360 32.73119063262808
890 496 27.816329746008172
496 766 51.09413808494798
496 31 51.61366218146386
392 862 8.271003570109965
415 600 17.18694380377986
415 863 90.04982236489931
600 520 15.79825308108346
600 612 80.04207009857105
401 130 40.793959267661336
401 218 74.84737210988047
916 708 99.62221427245493
916 940 14.716894626307058
916 714 61.40134948778585
58 822 82.76800901871565
58 183 15.496675359446549
822 690 85.22556823520769
822 507 92.27805634680817
437 873 37.564947509358916
190 37 21.95883447904042
190 52 43.03168050068189
137 222 63.59156290792476
222 825 96.55710367772484
222 667 58.32060460971805
971 867 40.821363740841456
266 563 83.83288438759459
266 896 9.906820796969546
305 788 71.46756091979938
305 675 97.91807530725193
231 653 18.047044273537615
231 224 32.701290765728814
612 447 26.188125201610017
612 290 8.104096828825455
367 183 33.83930984073229
367 640 73.05874888758423
888 694 6.224224784204571
827 877 11.566061709273052
827 703 51.86700768161204
536 915 3.0355584949275873
536 25 38.1114942164559
536 995 60.262120832775516
365 595 25.419387715666886
365 798 17.70523545355278
595 574 26.812490952008634
595 52 54.29084535141345
24 694 83.31586583422026
24 262 54.4866862383582
694 925 83.47399023665345
665 561 26.74683457976149
665 933 27.18476947517236
443 777 56.132257888346004
443 366 22.693595143757747
443 773 46.98767382108191
443 688 21.298722211557603
317 91 19.636822892876207
317 50 30.258235333255033
265 282 44.38041259730821
265 43 38.30429573015732
282 650 88.75932526504893
282 80 8.735155785482586
408 25 47.46599204537752
153 455 50.46481004894192
455 213 32.054325548628654
455 487 3.4553175777238057
514 802 38.24625792367231
514 123 34.604283400983874
514 775 92.839818046368
514 152 81.35640553632568
802 590 95.50001212683728
74 182 73.90108204456853
74 124 30.910143138929985
74 778 56.28301464263539
182 371 80.56859715434997
163 336 58.850412207202545
163 93 91.45140785479124
204 872 17.98796996056725
204 482 67.67689254423667
872 951 67.21077976967594
815 30 9.892451985844964
833 962 66.10949719365254
833 448 11.169127730652676
962 523 94.15233574118487
962 128 12.590777797383
962 86 79.25204826458574
524 224 17.03402155888931
20 896 45.23686205985169
20 203 90.77522538694184
896 590 65.88540380940697
366 934 23.18061534684049
366 616 27.400863533083676
551 772 7.897597522052487
543 416 97.01289070521605
543 710 50.38628598543453
819 852 85.54393558711534
819 273 42.437277906262835
819 705 95.02559729225337
819 128 72.98666638842185
852 673 21.258219194066424
852 650 87.1741886261744
292 362 21.979516382901213
292 79 49.62858581192153
147 617 1.4547821949979283
147 817 38.97745326422013
147 374 11.64776709812956
617 97 26.87576777443703
43 773 34.9233410194248
43 114 33.869583026950785
43 310 10.77550606195749
773 698 42.00133994359203
118 230 87.93628051871897
118 236 90.17600281732122
636 56 42.4881881566407
636 28 84.83338183647469
441 764 44.154085587783214
441 867 58.43670022261921
840 402 88.51787887974157
203 456 54.414436526883215
456 781 40.87496753289579
456 566 25.325972501654448
64 487 5.309271594108948
64 987 63.62073543495845
64 474 94.00123884787607
487 41 91.67679506225531
345 737 98.39723496380127
345 786 20.949293416849876
345 821 91.48229953854417
737 792 36.61227010112804
737 559 89.60207931923314
414 965 40.3170086233462
414 751 18.24957168744574
965 54 9.228295965557013
965 739 60.97582820969781
349 581 77.6493138868471
349 520 81.50318140150564
349 277 59.85096706343355
581 295 86.667306879733
987 542 27.476185361580892
987 57 44.380593973752795
593 997 33.65673237249842
575 592 89.51312244213976
575 628 96.67283678180684
925 202 60.02153830326348
925 986 81.99298396658918
210 109 4.7645259374719675
210 338 24.531756851605472
212 474 17.98513066677761
212 109 66.07266830292062
806 402 96.92379606871494
806 794 10.767675547183194
166 687 47.90872327801844
166 690 60.89854524452973
166 37 44.889069565390685
946 795 67.92687064841553
52 173 96.89138672897592
173 21 59.63748164274099
521 687 81.40631809668334
687 862 70.37643756029686
196 303 27.99019771753058
477 801 83.45492334537401
93 291 37.75835564381626
93 363 46.35182734353922
93 747 55.766517154342644
659 821 13.53090660464062
759 569 91.55611717980497
388 714 74.04951286772437
631 834 65.19503471384381
631 650 71.76966117178326
631 788 85.48934529893914
135 682 25.9594525604979
135 997 46.496569636666294
682 211 60.484447917158164
214 982 9.903346262483621
214 360 4.068769985206479
787 614 86.38399511668565
787 447 4.375972160638088
272 742 8.171494691499621
272 444 67.43326743248221
272 27 90.73919882392353
742 528 78.66558256319304
742 404 1.4112396455159013
742 950 27.75281931153075
220 606 84.12186818833258
220 311 20.078064157008352
561 736 98.20300317728464
788 228 67.8900830844741
641 783 12.384118250169376
228 545 81.59816649921488
228 603 10.737142714872459
228 824 18.485172501636708
545 620 65.95352092355695
545 306 37.22028214008648
485 352 32.02187530693732
485 452 14.410003798766555
996 433 8.738093016889195
996 705 49.57724916288752
123 430 78.73159629573004
992 983 39.60526200187594
992 273 70.36670110513865
454 739 9.51720164633923
454 240 14.653261515683251
454 339 64.18546969199853
739 907 13.726099293736791
97 269 62.87135742308959
97 480 1.6764448613828773
573 620 5.8745955152216816
861 870 50.52392109726236
861 755 14.191757992458388
66 68 32.76497383063713
775 791 18.05184392441602
791 359 51.8459943117287
124 304 41.07681260103933
639 17 57.3346817716143
639 893 9.358347500010415
639 192 46.16708563772131
869 747 4.481658646948828
495 249 23.806931820719882
495 399 33.386728461136514
472 176 56.73620461723843
472 402 20.224378968759588
474 368 15.944985971653578
474 522 56.15060901400421
650 688 48.79867227568313
336 735 83.57562283458758
336 929 10.597993087867675
198 933 92.0306997369616
198 444 81.78783083610402
198 473 31.509169172792866
933 572 99.19573990463748
68 877 26.482888553018476
68 713 59.76993164110295
877 442 14.619758770052956
939 982 94.84099286546859
109 704 35.98384512717699
109 552 63.42680727622563
350 48 26.62303729723739
350 590 41.878958623410725
359 480 55.73489791774703
382 725 80.1091570427275
382 332 11.115703726619886
717 713 31.898588440938305
717 567 43.86617891311836
717 781 25.74052357738326
449 904 17.705151273500505
449 783 40.0536669895088
904 675 51.51464904067026
269 592 19.83193219406299
269 790 16.46340398943235
563 554 52.83224263323079
614 975 68.96427368876621
614 152 33.5162400033408
614 945 13.083628099850381
375 507 69.75792416129484
375 324 16.45925450347294
303 559 9.478340501780401
306 929 2.6600296109453705
404 588 72.56440929225543
404 318 10.128096805853934
404 969 67.39990262265053
588 37 69.45802218959754
790 703 58.82030727211448
735 63 60.366694986345905
735 438 79.95104308362076
410 583 58.777859945698246
17 304 91.65299075123332
17 688 58.37693685374859
90 708 47.46216128020314
90 461 30.33485812094961
1 397 73.2520644445464
1 704 37.75644109568785
139 704 52.85735045325055
139 453 34.292773956997394
704 460 71.13581163682326
416 944 71.9582969118515
416 438 99.89605963119845
416 55 29.554122336262044
592 718 74.61132058563844
718 710 51.38432649366675
371 789 86.26239771069875
371 922 52.300763778349626
789 170 86.21609562521643
789 241 11.864957580161786
973 866 42.25846328323951
973 453 98.98274474946773
626 18 21.703980008919533
75 57 36.66927483790749
75 949 60.191348055977635
837 141 4.028984824635014
837 277 10.64925129514075
482 484 79.61489527747618
725 552 33.92496519299433
237 539 74.72674407368542
237 440 54.8203102910906
539 688 87.6459151280332
539 858 61.22263388729244
539 351 3.894870476931555
91 122 4.486518270928897
122 397 97.40401880336202
769 988 59.30237313389946
769 930 45.352351770389404
769 438 14.734466170824287
813 724 10.757440345498562
813 21 16.03053708988867
56 505 90.31818413934707
25 698 77.11357619789081
25 352 29.628663472795665
698 930 49.826765018616385
571 866 77.4580861392285
571 944 26.318444632216252
571 690 21.375742235234377
148 913 30.16920253961779
913 616 75.6666003701431
10 442 10.642375035802063
10 590 71.23539065571518
442 328 29.443282451670605
343 267 4.82603251526323
870 983 83.29942153795677
192 224 27.38482276229944
389 338 15.55990674050951
389 80 32.495413494237624
860 693 27.161509235862294
860 201 60.13210818052351
564 569 29.402079958515955
564 346 82.54921234828775
564 57 84.35159112808523
569 383 27.942738267850388
786 162 60.89248704557171
368 812 7.682172333463781
368 796 73.85679902580918
656 525 26.752829943557444
795 39 96.35468635223266
975 209 34.61093436619712
279 351 21.159580669567237
30 440 78.27638247545187
30 393 45.006800906024495
216 38 13.827798225883392
216 48 58.72456137232728
216 169 56.51435014511513
274 846 25.45699907719068
907 71 74.54758823990018
117 995 48.03534999804876
117 508 29.487221828485563
28 169 65.5934837743653
130 772 87.234070653787
130 7 40.99483682271077
130 751 16.229718713509044
646 747 70.72933644155599
412 934 18.159927395532243
412 705 68.97915780977358
412 744 56.34590875107829
934 923 56.45496047038454
406 854 79.57954279147766
406 693 27.5026669725156
862 54 31.457434349736893
39 176 57.6402010421457
452 29 81.98277597494048
63 582 13.03871770755577
63 53 4.067257924812196
582 801 80.1290220180648
794 858 56.48675246458705
794 409 58.252136038194635
297 873 55.11223251079901
858 633 11.061043948168829
213 396 81.48426387575499
616 703 66.25284743705048
703 778 64.67434270363336
878 433 25.183717246785037
878 940 36.94247981774601
311 409 30.360935009912353
311 949 15.197594503111088
311 915 62.03323025160042
409 7 28.694144553681724
409 785 8.441391779352028
693 603 80.43013232071226
693 620 92.5957217136253
444 252 32.715276564233974
444 844 51.832433321170264
505 397 46.61299270515323
966 298 9.05026148052988
726 252 7.070335257710347
298 640 21.06215015059179
47 170 21.765951630891166
47 723 31.305254787304026
170 680 99.22749446348502
170 208 54.75654269015755
527 755 80.1007440676776
527 7 95.13908609686698
7 515 70.90930353411738
11 29 38.09056026858566
332 675 6.447095010873749
54 453 75.9026388744221
910 559 28.407987288263982
910 31 76.38631373990937
325 603 51.83003666557291
325 844 49.43335157354957
40 211 16.25936121578617
673 552 42.74621106603402
86 710 21.09994669621056
440 208 60.36780732251492
440 748 43.29559721937565
522 640 22.056555322309173
601 978 58.017790805482704
601 258 48.86346005276311
128 162 19.09557568036734
951 240 47.84273813898027
951 230 68.0174929003209
978 967 62.75665567098794
572 346 77.1189105108856
475 517 10.428290349982234
475 640 17.803898018900227
785 508 29.68212797716732
55 963 15.48462051700676
169 712 40.50293944205565
712 498 66.41464708386317
310 230 6.493407115808222
310 955 27.175130397682096
252 67 57.12915003047692
31 747 42.46693690856304
447 374 42.105230488374175
982 484 85.3275805382956
402 102 80.80935420792585
346 517 65.50651784265732
267 383 83.16293411212541
782 756 57.81977573123525
782 262 74.7026248786284
218 71 92.24444599894098
821 967 7.154902432149296
304 141 16.00124748632178
304 880 60.147390351650586
812 438 68.38112001460937
812 262 93.94087967598561
708 106 18.318921358640353
484 721 16.6749388042939
508 553 52.09712199718277
508 355 83.8210133158336
22 721 30.624452854186593
361 863 35.3390585861404
733 715 7.1487353196311565
50 921 76.60886123878647
559 901 71.79793094573239
675 798 95.32221277911307
201 671 37.47517712706492
480 715 64.94263470652547
778 497 3.5569297338808306
873 756 1.3818032346785691
152 48 98.43734561048007
838 986 98.01588445506964
838 106 67.45185747033776
838 554 90.28709501005443
774 967 25.204738133362458
260 963 31.721363092434494
338 27 50.43971208770685
781 236 81.84633167319429
328 558 13.109192003078515
141 944 68.05200761792
374 411 94.50791109469743
433 211 46.23947885710759
433 671 74.67561977045541
106 420 82.66339749401804
608 744 86.62378022258446
608 211 60.94014906874968
744 792 35.23060563809166
461 628 30.31361136627858
448 633 60.20826243903755
71 486 3.217083767831706
784 207 77.41107628126551
796 667 77.7837784182867
796 880 42.8834821699895
997 399 83.90116797218558
486 955 25.214840527831367
902 324 1.6383982688673464
902 940 48.02102533379915
411 355 6.235378280155818
355 273 21.16675504804709
277 922 74.5485361257358
236 922 98.49254321725527
67 567 77.90905987986267
48 792 11.504292621059912
18 430 92.74825886876071
207 801 18.376969697845336
207 53 52.34023762407437
517 473 4.864484989082469
230 498 65.3354541163066
162 880 33.79022374140644
748 241 1.3174370151532626
241 880 20.939541626141757
