43 726 11.610414664689904
43 565 58.745375274070824
43 164 32.04369063866664
43 518 18.825470353737874
43 830 29.05480754068911
726 885 63.05495187798459
726 666 26.889917215530442
726 352 3.050848821047401
726 654 94.53530634541909
320 369 86.88438718794553
320 985 95.04530828377014
320 153 7.375893299381154
320 546 4.859303420068196
320 921 93.20930729026261
369 925 34.21269992285687
369 884 25.422260327289457
369 268 16.183205960706754
369 456 2.210920438520428
339 719 1.8072988197247386
339 2 2.042739603663612
339 19 33.83782095537831
339 485 34.157475656406376
339 62 41.803313865258616
719 588 48.735353275075006
719 826 59.0456205049353
719 618 12.350867120921567
719 204 21.62379174102867
49 227 6.125921772926572
49 301 33.99751456277795
49 145 3.5546861756346293
49 694 79.24823129181061
49 26 17.194450178460738
227 543 49.28026320272427
227 27 8.697753882471291
227 457 31.10583857228195
227 264 55.148696808790135
11 481 89.14486545829587
11 472 53.808711625902276
11 480 57.08179017301505
11 79 87.38304216989648
11 205 47.98704366334062
481 915 7.497983825717396
481 314 57.36418915845934
481 871 47.50185205736679
481 768 6.651526315129296
48 800 6.08005995469581
48 807 26.180030738587842
48 171 85.22791168346367
48 3 54.34480569959941
48 648 55.26495239738906
800 364 57.48228447371443
800 144 17.209338348341483
800 714 97.64659452058827
800 828 2.846673010024985
199 380 84.59286798380997
199 23 62.84174924483732
199 985 92.12949359348193
199 144 37.09969510504398
199 457 65.73534359182504
380 432 91.25333957583436
380 576 69.50106487976788
380 599 44.53462410098778
380 172 71.12694949628869
458 566 93.30438608509971
458 225 8.995734034837254
458 608 93.10911464193103
458 99 10.63744545165291
458 563 45.87255913222772
566 346 86.42706381430317
566 39 26.34711566970385
566 825 49.532525260069946
566 942 96.93420810870467
311 525 81.13574422633049
311 2 10.258072775201239
311 638 31.30917180481151
311 860 8.815935193649267
311 211 24.34212186551324
525 720 70.17199314621355
525 381 47.54823641567361
525 733 70.88317554166353
525 255 84.94027251101467
42 636 65.61878144095782
42 87 52.76561888094075
42 226 60.43765053353431
42 664 89.2354749657988
42 395 83.65100949437388
636 573 1.3988208535394309
636 78 21.612384877146685
636 613 42.87700230737207
636 236 33.510560689232186
295 354 89.90202595577729
295 452 60.33873367355094
295 403 27.51361529749986
295 507 47.502964970481145
295 486 56.199755974493854
354 392 9.50962783461938
354 421 78.00894889389889
354 286 81.6337266873588
354 936 34.84974076774842
4 203 6.7999272719105495
4 72 10.605574824538433
4 991 40.61686746128138
4 979 10.042075280340258
4 54 2.995495445217532
203 956 46.1033538659762
203 186 43.464808054138345
203 88 1.785020724441052
203 832 29.00242265327775
171 231 14.194192410341536
171 197 94.17163407310844
171 980 24.732055976299886
171 287 41.29659908642789
231 518 98.73634220088333
231 196 71.37599940233738
231 777 77.74842892759825
231 452 34.845667444828614
27 673 86.38339301746026
27 84 86.53896598768026
27 204 63.044277928376275
27 690 19.160163611729615
673 477 1.8414572678401377
673 834 42.90574695380225
673 234 87.32543530904795
673 603 40.09944976417293
414 521 34.28200354150188
414 12 91.06335708130749
414 22 79.58598834264062
414 456 35.65175857087035
414 542 67.06061185264358
521 301 21.880624231109273
521 102 4.804196188536457
521 577 30.836906768348182
521 922 47.803204304377424
255 933 84.1749041347472
255 147 48.76896635285202
255 502 93.45065212525279
255 131 33.08898494369835
933 278 43.87784957883936
933 870 25.204520839073545
933 768 5.194445134722304
933 125 89.50917307295582
183 489 16.024963271796167
183 413 76.03510246568968
183 56 37.532403847875216
183 655 54.354481031347234
183 722 77.80086768476792
489 747 8.92163495291513
489 164 43.668108228035216
489 257 25.19049069702726
489 125 86.49110348586217
759 910 50.4454229393688
759 940 97.54276356362976
759 858 13.991465956298358
759 805 42.64259217118419
759 594 54.84693936302711
910 346 49.72369939718357
910 523 13.667825265517438
910 534 73.42525561171381
910 976 40.64389502068355
317 696 38.43073017809776
317 478 26.544606745048736
317 767 65.78377258834637
317 71 1.1172154890194974
317 390 39.947778935023265
696 982 58.20507782874528
696 153 99.28013679190619
696 70 70.12969837669617
696 978 82.72374861544829
428 861 81.12762694820142
428 975 75.4336370515136
428 78 61.56809614749545
428 945 15.19332823123617
428 460 71.46079356184033
861 101 51.11364716830863
861 493 63.19198645175592
861 286 3.9462021976806003
861 699 47.038718983900075
31 547 91.10998683399183
31 368 96.53297057871023
31 925 58.87549241511547
31 990 55.55039404311324
31 698 1.2470571923497136
547 216 78.85084345129941
547 141 16.895686015084095
547 55 64.58901716505824
547 399 73.4852762924699
419 559 62.41123148806148
419 244 52.66495136571391
419 379 43.48657828704331
419 133 93.81774679299073
419 672 65.07098699130172
559 451 81.84450598765812
559 374 16.285725165337766
559 866 28.385309557108545
559 25 22.992294749435978
576 832 19.55146629586707
576 535 77.46909774164429
576 57 11.756817240706617
576 912 1.93187489766306
832 603 93.04588528707033
832 96 34.84612115466909
832 324 67.60129437699462
96 981 41.51423824330821
96 850 47.01061279016269
96 91 59.75005680996521
96 109 57.56659162133316
981 74 97.9957712592274
981 196 11.214495838592697
981 806 57.47141317287636
981 793 81.36932200067876
244 542 4.808579649496318
244 600 50.95631745133181
244 464 13.751938229498604
244 55 38.55143449422164
33 526 56.29518165576412
33 941 55.513963716314734
33 808 18.105499437515252
33 921 44.213387548704006
33 958 69.88999439121734
526 753 24.8718289780744
526 18 65.57187130679027
526 589 70.7729679259209
526 804 5.199501421933885
56 729 56.207989826769726
56 991 72.42282737335795
56 690 51.42479614917557
56 532 72.24825876359799
729 611 92.25916439385007
729 792 33.43018011854155
729 845 54.495836772874995
729 620 11.158225369483818
128 363 89.72519351552741
128 10 96.4017490530427
128 624 7.091106035746198
128 922 19.821986562307213
128 682 91.1004702142186
363 880 84.60004873839571
363 403 38.99407027117257
363 874 33.66295561916369
363 23 80.61317909449762
21 720 75.66969320869471
21 218 85.1791421985661
21 179 33.602909327786804
21 505 88.84020685048793
21 418 81.88650579958681
720 371 48.72047921160516
720 588 49.86189166621947
720 299 40.734631514982084
225 630 58.9199117328552
225 502 19.357651171408666
225 512 85.78757089554618
225 596 17.812041822030636
79 275 1.5608174722025288
79 191 40.86262748593301
79 228 69.72190789019434
79 434 93.0374612790992
275 717 9.375029682015397
275 753 12.808545580324667
275 606 16.51101286889439
275 594 65.13118816876612
229 744 32.90461228457028
229 631 27.350368562066176
229 633 14.45842920207811
229 494 79.79365523445017
229 226 67.36535023127745
744 783 78.59009204023224
744 814 96.00525676438103
744 730 13.608204853664054
744 984 87.87873696706207
341 883 13.444167928017201
341 310 94.48534537644896
341 807 85.73280521270114
341 646 5.107776849843279
341 745 4.970261987345333
883 867 15.343344127834701
883 652 86.96918258014324
883 262 80.11942250963693
883 621 8.125932946559562
506 690 53.92158030712161
506 890 68.47254416952644
506 794 2.6919962646848425
506 557 94.63642399141915
506 974 14.360941820107524
690 684 80.31946190309765
690 429 41.59574962029317
807 253 60.231249055608735
807 324 85.00495569125462
807 259 12.15127387309571
925 895 2.6257478440627104
925 306 55.25986733556318
925 148 65.40402337559254
558 761 24.31002551524636
558 967 55.33709124996186
558 54 40.69087903635248
558 780 98.32566310113701
558 892 82.49674942030734
761 984 18.530797997183875
761 296 85.89003623935368
761 221 49.245523653673814
761 589 49.41084615625431
794 835 56.36800137881556
794 778 29.86747479774204
794 69 87.63699085037376
794 348 31.82785889980099
835 745 63.626438871621865
835 327 50.300553099511134
835 264 79.39541286402233
835 969 80.53617747382991
766 892 81.1784303224028
766 880 74.64138509138299
766 259 39.00802743133766
766 814 56.220192985713325
766 175 54.42045385155723
892 943 63.83257751510998
892 728 66.33111290851542
892 774 26.380177479911918
161 905 71.71348452086144
161 433 86.84351313464857
161 541 42.25593606062735
161 550 30.64406379375277
161 986 16.30351049288192
905 901 43.55482184097763
905 565 31.29647625422392
905 135 80.52282135131342
905 462 7.869069633618346
415 818 3.359730352372191
415 289 94.31323617578907
415 252 11.932916460054484
415 650 37.00074510230861
415 674 44.44047863275718
818 842 38.21336071109035
818 878 43.69714771160915
818 484 86.2012180374825
818 472 66.91973073100961
695 822 17.69468199048973
695 654 98.22639819809179
695 343 92.29721667402941
695 412 77.55873110758876
695 645 10.688187014366308
822 929 1.6475036484241232
822 989 4.957305816010785
822 730 3.147669941346424
822 955 90.2453995137228
243 312 43.50850327982367
243 359 12.558703483883235
243 617 63.15200953529714
243 918 14.710928149675288
243 891 36.56496487682405
312 8 71.97486095666747
312 239 72.85463672020616
312 899 86.19399207321933
312 430 27.89859519735031
359 593 50.42484865811366
359 181 93.99754571747629
359 335 91.29515104050692
359 611 97.069250860607
593 321 70.0710569796515
593 272 81.97452449926108
593 723 52.6422139868487
593 896 51.086196408721676
175 265 13.405932785553624
175 765 77.76076387706891
175 914 46.62817079117219
175 290 54.39648671447058
265 649 80.4506470285889
265 371 43.4253680210072
265 174 4.613937391992287
265 52 53.86804350446363
159 195 77.09493853088833
159 909 84.64429761582852
159 281 28.839415446062652
159 485 63.30158320378125
159 98 93.79662445035429
195 324 81.41478892443993
195 772 82.46340170664115
195 168 48.5787980685728
195 635 71.02750302769238
804 930 55.04526855395673
804 534 75.71920957513449
804 554 55.47243351499855
804 210 3.1479817907074565
930 767 92.93816407126253
930 446 82.48576926214591
930 894 10.800101059413487
930 210 31.04598853389024
456 816 12.077415358013274
456 252 89.39419657679657
456 387 49.90275822004154
816 845 57.947434144105586
816 841 58.25743502341791
816 132 41.69694133990103
816 650 54.89702201351914
487 758 33.87391020977098
487 476 90.7485967240273
487 368 4.086861469584269
487 127 86.28309156107092
487 935 83.19984666305001
758 378 52.83989743384935
758 441 4.876831576275909
758 205 46.38762067098192
758 984 78.89819870671192
717 939 35.37587820352281
717 586 14.470261753785335
717 283 99.12422797870772
717 575 43.55752291932573
939 915 73.57230165191169
939 859 53.483074864445705
939 715 35.92733856601969
939 282 56.746325556079
241 303 72.14024276327363
241 667 55.69205448223852
241 306 94.68296265530991
241 651 2.016892822992701
241 552 91.91714665976217
303 560 12.902227124853425
303 688 8.945836768450569
303 963 88.72182186171129
303 896 96.92396172195156
353 408 12.13722510216627
353 738 96.28007096715409
353 258 29.024008692222313
353 129 75.14714001529056
353 843 36.643690497998186
408 764 95.66424057983522
408 426 73.67815599986886
408 708 99.49946913309998
408 682 26.88440378035835
651 894 53.91799863464478
651 774 30.290209985316697
651 442 22.521257021666536
651 502 2.8372849316809328
894 217 17.89275461936221
894 727 11.753435898807133
894 852 31.932970703768927
780 781 15.47900171241564
780 670 12.128368401909942
780 446 92.12461698887077
780 425 48.63803717989109
781 814 32.311433814051895
781 769 47.27859961412669
781 631 48.102529606655025
781 643 83.10433822668679
378 928 99.36535098871714
378 268 64.64340864469355
378 805 39.4545821720705
378 736 78.75415196519684
343 407 13.077290321057198
343 398 36.215439703284765
343 219 24.769877438785244
343 473 2.554868038973768
407 57 69.76015467411446
407 859 16.35633888971709
407 700 42.72650663366419
407 51 51.51513368417103
95 813 92.04326597474369
95 461 36.1614493260762
95 921 99.67533440671669
95 863 70.56766712694301
95 629 93.72999678640454
813 19 76.26834973928597
813 528 85.8915595045674
813 247 21.49792952036639
813 220 75.3585104833311
10 782 80.16640672935381
10 5 21.22543359764578
10 973 57.629144023049996
10 80 56.114617848814646
123 790 17.69369012311827
123 293 64.7941075552778
123 240 46.05068460190381
123 874 99.05656495496451
123 83 39.76480478080586
790 848 11.824856797487303
790 928 47.061946473712034
790 297 19.718479782560063
790 334 74.32668315699016
381 764 9.442963317895952
381 919 49.47539687814837
381 377 58.29334161415065
381 609 55.10599188158774
764 74 59.08404848419763
764 373 17.174821498251344
764 29 21.261715525117317
147 595 74.46240117305409
147 580 96.7522303210798
147 709 88.0843630534422
147 391 43.087921050527214
595 222 80.87446055116854
595 30 66.10354618740021
595 540 92.32124416797102
595 743 92.33345776396865
278 315 72.29998662835862
278 323 23.745432699132934
278 978 21.333054258238885
278 14 66.49870760773189
315 573 13.785210324853278
315 689 13.345602417754522
315 440 29.354426198268143
315 987 15.783705606525759
155 377 74.9672022585394
155 845 48.53361533012503
155 947 27.653783557052687
155 836 80.84772517265294
155 783 86.78239742412154
377 898 51.42947155243695
377 34 93.3854415227861
377 322 25.877192001936628
118 954 90.44625073207023
118 671 54.72703963321836
118 600 35.62622039586828
118 57 52.20951490232342
118 505 42.28198840127911
954 396 60.151113872228805
954 821 97.1323589799546
954 613 75.17257826283326
954 495 71.68335020402662
447 623 37.715835866491275
447 411 7.997547071007647
447 606 47.30319657288618
447 36 2.4438542081781116
447 625 46.84338472467486
623 323 63.45320147352933
623 949 10.084459918405182
623 497 70.12782176349886
623 178 78.48847555640062
546 756 14.723776226599368
546 148 98.70848253281127
546 248 28.6962053737195
546 284 30.943981670032294
756 50 25.088303528502443
756 698 72.89339029829692
756 219 37.536687635029736
756 796 33.32739328915144
197 313 15.799158467129176
197 635 48.94235847971341
197 537 34.79889889982759
197 399 22.72572561023447
313 708 47.40841784571219
313 200 28.76602895646659
313 272 80.36732474942355
313 306 97.62105511165731
948 988 72.96641811755516
948 318 54.974479264939504
948 676 10.793378803601904
948 522 83.84646684019624
948 483 74.90945151930853
988 512 80.23700550117258
988 805 54.85055947688336
988 136 39.108112774841786
988 482 50.277129384840904
101 273 95.97981104128897
101 980 35.72443368930472
101 59 3.861285093908368
101 994 68.33033159385342
355 731 33.26946253413048
355 935 43.755656563128085
355 398 30.112437442594445
355 329 48.848279798855735
355 710 71.97530533790547
731 466 65.36623902898077
731 843 69.70579080483483
731 969 88.67226718823102
731 827 87.34212384302623
328 439 96.91784528135783
328 577 97.85474067857378
328 319 96.61271391141436
328 979 98.16553734565845
328 809 9.656374926487302
439 75 69.71995019522029
439 618 25.581460354864642
439 777 79.6562647523626
439 201 6.209319035018537
148 319 80.45333987662923
148 67 46.06036929392915
148 242 22.09223848565618
319 560 80.45888585394405
319 124 84.06303097564654
319 235 54.25264395722482
233 510 36.228863013581325
233 850 29.776984496070543
233 836 40.68302337185098
233 522 66.81391678288612
233 81 41.906033156227465
510 287 13.814596367541526
510 724 9.1857001352778
510 570 35.69327060776944
510 389 25.86682323721994
621 701 7.064321647322453
621 251 72.93271789482107
621 899 46.991905430031565
621 626 39.566670670702145
701 643 6.947343835317037
701 504 98.15864686768724
701 370 72.39525577877048
701 417 64.7409671109005
12 388 37.372982032882845
12 721 67.9259220493361
12 646 52.27201497592463
12 111 50.05391224439462
226 711 90.60013279935868
226 406 7.286411972865649
226 109 50.60056871385091
711 196 93.40649460139018
711 418 48.060590950506096
711 409 61.059809462507154
711 122 93.73817092130163
323 901 4.052090489371746
323 15 86.50542715121735
323 316 50.796290552839395
176 842 11.126343168326063
176 426 96.1710559349865
176 664 20.280260296201032
176 345 99.83416376454095
176 838 75.38483899445906
842 739 27.836962397366705
842 267 47.60095433792121
842 689 66.44874227391033
890 61 18.02748687047943
890 474 9.042200686100394
890 82 9.695533194670201
890 0 73.36942092799082
384 972 92.17956926244553
384 749 60.722333413167256
384 182 22.472151718079097
384 836 87.51012342853187
384 998 94.42546898306266
972 258 12.062548005009301
972 496 44.551324450698935
972 333 37.339064405394446
972 961 95.72964578625135
422 660 64.33878155016421
422 59 19.970345634713308
422 929 9.199618128060251
422 5 44.19407266137768
422 561 62.48507271654381
660 342 62.38494198006596
660 283 28.473241997365392
660 102 51.444251907371516
660 668 69.88274634470666
149 324 41.321097779168724
149 367 72.96287605789699
149 917 70.70549660586002
149 565 46.97144412316217
149 537 60.95758993461703
324 539 11.222197199477513
778 17 23.31559860316435
778 765 21.77273982842554
778 115 65.4995309343513
778 452 41.43753008784785
301 44 46.688463646509604
301 642 92.5361229581745
301 362 77.02209857376657
417 926 61.94743569962804
417 752 77.19968671330659
417 296 3.201418835015312
417 282 62.26782167902287
926 337 17.96513932710176
926 75 31.824024872237516
926 765 1.3251509885251755
926 174 75.68717085543359
478 271 56.95294337269414
478 827 21.336871369185246
478 193 80.62491153352687
478 691 58.34877643559546
273 913 74.78871593863968
273 891 69.8689648144006
273 215 87.01435416507886
273 653 31.698042937354156
560 106 54.931960980186275
560 967 62.532237561284845
560 14 38.22094934301105
466 158 42.587988081634975
466 412 63.48179257218045
466 591 44.20057671448383
466 213 35.35750780340802
2 163 73.90220296248641
2 332 79.83535072499906
2 858 71.39664754972789
163 160 24.99003696692436
163 220 24.62025073971828
163 26 40.72520987100424
163 495 98.58082099770073
535 809 82.2274814940551
535 626 96.23906212619889
535 375 31.756726456067863
535 111 92.20572850535446
723 736 10.448846505326069
723 603 74.23813164121225
723 455 93.6257181765614
723 614 25.211090960844295
736 281 70.98157676402795
736 22 24.474965361509582
736 941 24.395602966956034
152 811 33.64189353678847
152 755 89.38663022678459
152 638 30.550440954227668
152 423 39.421223808026056
152 878 44.87159892491002
811 603 73.13936913378778
811 702 15.486928734906652
811 855 10.149502228214578
811 461 90.77095788941081
78 937 71.4187437085872
78 611 7.888639893986391
78 514 22.158774247530094
937 809 87.37155446941625
937 345 33.707352701226014
937 871 73.40126778804458
937 796 15.42257763820159
748 885 72.53915685279708
748 410 70.39303366342037
748 309 91.39285806797488
748 699 89.46160209507413
748 678 52.86708395097984
885 627 7.944213913453726
885 280 97.03794754670531
885 635 16.291480563699384
277 348 51.843925919013046
277 110 26.76969191420185
277 791 84.26045382480218
277 563 78.23279588798891
277 151 85.58288920706453
348 82 17.954462375591177
348 397 43.20478494582646
348 553 38.88319708088176
557 634 75.95889132278474
557 479 89.45959147797055
557 773 70.58373809138695
557 139 51.68450297378924
634 156 48.70057010509829
634 515 2.9337087874646404
634 87 98.57248964723075
634 737 42.76308317970632
409 647 7.534843449536869
409 38 88.63165878797001
409 406 9.283988490761137
409 528 93.4102715249209
647 274 37.574291303455574
647 901 93.91552031915383
647 285 81.45791644453986
647 881 6.392307320898405
105 587 95.91488377639546
105 769 2.9817633858474677
105 668 14.686554273747058
105 491 49.38004100155551
105 50 5.985731355926101
587 499 79.57786387355617
587 511 48.21286198298077
587 281 80.1727609898269
587 193 93.95084480184637
643 362 27.607143475121084
643 923 75.32320032860683
643 899 64.81104545816406
117 920 82.05011494510855
117 432 51.755595582625695
117 94 19.70780663537064
117 247 73.62687943280763
117 309 31.942122243179174
920 946 92.84782334985664
920 599 65.71563709844204
920 238 78.83098972916616
920 550 62.78379235095768
573 995 98.8723118515306
573 648 61.74522541993362
573 555 50.33554845207665
782 626 99.01255051986445
782 668 8.841759622523995
782 710 86.7342190716698
782 755 1.5360157428092696
45 178 99.65513794988246
45 83 53.39991954421182
45 872 60.4988020749986
45 462 89.92018210004983
45 530 8.314454420451009
178 308 28.19460690797537
178 418 45.93838784445256
178 979 22.189609943279596
929 564 9.68788848226922
929 542 26.488711517991288
929 150 35.3781759669702
52 868 61.001986041189205
52 245 32.77344536509755
52 13 40.217511187241456
52 865 74.2397047279111
868 974 29.62207936284499
868 289 33.585819699361714
868 857 38.07512588890067
868 785 73.45118551157715
74 902 6.535633629928363
74 639 81.60442275426163
74 789 7.943294716851385
913 614 58.768837069439364
913 685 39.18307499233947
913 725 61.00066467037984
913 650 82.67211502891108
901 808 14.603346589869146
901 269 13.83110465975205
187 951 37.92119272948366
187 274 27.442251863571762
187 543 39.75307946166605
187 889 40.95950255542751
187 486 25.170429178826492
951 261 55.23002531020919
951 153 52.43360452453257
951 374 83.18280357412193
951 531 82.36238424209867
814 799 28.79572075095958
814 471 92.89070030946067
214 602 5.728115659696225
214 501 91.112972392622
214 342 92.63859882395563
214 960 86.33663783087368
214 318 70.98225357433134
602 477 45.9981960810294
602 468 63.62543530652005
602 293 48.60208689376707
602 426 4.844271254074238
368 350 9.89959350753544
368 205 91.46804616154617
368 448 30.486974263004182
656 829 15.616952391273976
656 704 55.58443813190789
656 325 10.149095276024301
656 492 39.66040094954786
656 949 58.01570162697639
829 461 63.840952763716984
829 786 56.990746633618194
829 102 31.052535622391805
829 971 86.69357595650698
786 900 15.674961516261817
786 515 19.971290822942823
786 64 41.57332773035076
786 492 68.29756305998576
900 537 36.84508709884668
900 253 29.998586127993637
900 257 44.72364721783079
900 683 9.521722308256944
54 718 65.42948821615151
54 29 57.44630038663628
54 454 79.71866260508276
718 104 20.34301014454696
718 514 74.1083543457631
718 830 67.2039372518079
718 821 41.00280403307493
645 725 75.25412208755586
645 457 92.10182385754328
645 314 20.66024110060934
645 689 61.74137669344145
725 955 6.715375789654936
725 154 11.962805870328008
725 619 60.60704563062474
935 131 1.4460180891405408
935 879 28.897675127968817
935 35 32.0935855961101
308 503 63.23025022427855
308 625 21.094210449251328
308 590 95.05622148239928
308 464 80.91640892339284
503 672 42.786503869492236
503 331 41.2161629517309
503 990 69.13899759355574
503 970 13.369128316071299
789 949 94.20503083813456
789 960 50.95198025496336
789 743 6.417937546011976
789 629 97.05689425494427
949 392 66.68398916084544
949 134 55.89513701278379
699 750 62.65979153016177
699 650 79.0819417746927
699 641 85.68052704135137
750 762 49.782094328364145
750 664 80.34308283037882
750 708 93.78077682268429
750 221 37.37432007335436
132 165 1.6908268586797754
132 150 11.540109788372053
132 982 89.4980984357575
132 169 94.64998558951808
165 223 37.72333567980932
165 844 35.693412305923935
165 994 72.38186437782318
165 839 76.75214870550771
337 581 16.593061304605875
337 500 99.98683147627047
337 248 94.92823964563597
337 488 55.13097221428898
851 923 38.48887784571723
851 857 98.42627087499062
851 84 72.81850748205143
851 473 82.05042797643598
851 968 87.77768313927976
923 550 45.58500344985301
923 437 64.39109009932949
923 785 6.62425119042233
601 812 31.306039047084308
601 876 75.04763702879535
601 924 68.60434921899693
601 174 96.11761142604597
601 190 4.681137679105232
812 493 98.18892590113927
812 536 87.03943104414678
812 942 99.54620972798466
812 34 88.93052997597464
747 394 50.53760930761886
747 475 97.82232156951693
747 893 6.554297391927018
747 527 63.07567527121672
61 973 96.6681410607766
61 878 59.87266876811178
61 321 27.412933704350095
61 746 84.77784032369651
545 760 61.50854814126816
545 420 73.25341439175568
545 599 13.268744781114494
545 51 73.67788852934453
545 870 83.74919027129259
760 67 84.45203878745251
760 555 21.270619303079652
760 402 50.06709928077373
760 146 31.534988902211506
468 876 48.433763966006445
468 529 71.1988858677632
468 518 25.17109550600826
468 457 38.40932820900024
876 971 6.3636366622020155
876 996 55.870230056197784
876 188 73.80575910713883
975 888 69.6553819640213
975 413 53.43740497111686
975 388 38.08979944163206
975 997 15.98287588033617
160 992 60.283147786958736
160 372 73.59145266579907
160 310 1.4066877857665039
160 90 88.64560989414436
992 141 88.30029590894019
992 652 71.04817644494024
992 581 18.628326402030716
992 657 60.3476132740075
474 858 45.111948036275784
474 493 20.053551965038253
474 189 67.02593466850446
474 899 25.9204774208295
858 606 9.65936047971641
858 62 79.8839473306237
769 784 55.13123341601683
769 397 7.744157811603516
769 460 52.67548480524107
193 211 64.85162550950167
193 653 36.241155104635304
193 553 58.60655880614114
211 884 24.71904168189176
211 94 61.30500654599482
211 53 54.04503172468721
32 644 6.665513573266642
32 755 75.28551479560585
32 841 62.40414860938431
32 135 14.255356535451607
32 704 30.314282026210694
644 854 75.10175722002639
644 551 50.78684588344056
644 931 95.9598759380738
644 556 16.542280811507183
755 290 99.10930307267604
755 528 29.782915262407744
62 90 37.023160184332816
62 563 97.76214540084366
62 966 59.57675423698886
90 375 65.99567038114144
90 624 1.1109404502065474
90 443 50.174812757249654
84 649 96.04837174139304
84 792 8.157970890913582
84 191 47.032370801980356
274 257 33.28641628222446
274 685 43.29309625641638
274 23 29.431511893965645
534 467 21.997472234318984
534 721 54.75952298391144
534 404 56.498442228731044
115 834 85.23177107301701
115 392 82.46103802361033
115 757 43.57527230611435
115 940 39.23766909203785
834 808 1.4984029060946986
834 866 27.90724162294306
834 66 25.986477325034212
779 878 12.964578223627383
779 653 14.836587840406951
779 721 1.6440366043996337
779 93 99.55567192564239
779 276 70.82299709105965
878 854 10.237083538079453
103 680 83.70582959749837
103 840 25.478869087417078
103 170 67.26908541578398
103 854 81.52771086239099
103 26 44.87782777237495
680 784 89.10677361734284
680 58 69.71060196783846
680 201 20.14061294895123
680 597 26.130632093425827
289 18 13.424322180024092
289 732 49.862084716476275
289 554 82.28318330639847
218 30 42.24818419614078
218 685 85.9389702410881
218 860 81.3340852382724
218 385 23.537140184291633
946 860 46.505798345093396
946 365 25.720402055395564
946 106 51.5691719995606
946 494 57.29949077106608
332 347 87.26905185526003
332 110 79.63325875576396
332 397 73.90948873892043
332 961 35.80825556998754
347 283 40.79704125424696
347 788 33.2772174148981
347 605 85.4098570566137
347 683 77.99873767032537
44 205 68.7414580014894
44 844 30.487238361586957
44 362 14.071958850682375
44 421 70.36217150320209
205 107 60.929603882517654
390 924 86.92719923239036
390 401 96.0454741939617
390 969 59.54001572867039
390 40 25.411549884148712
924 833 4.478207594132764
924 722 18.319211499338877
924 592 33.15764165303752
371 53 78.10143022574553
371 540 46.64099927117851
371 179 74.35755426222715
318 257 97.04290253752087
318 687 46.28412092855311
318 594 71.98271615260704
321 787 76.14075703651737
321 288 26.313537234832197
321 966 47.720095680181565
126 284 91.39133030392301
126 20 93.89410116668472
126 583 12.727157504667815
126 940 63.29575543659663
126 609 9.643365668345432
284 116 35.97925151220451
284 895 27.88623434902529
284 852 87.94813822247349
38 397 59.829349785657016
38 246 47.59075389719324
38 294 57.074505414669716
38 256 55.26107795998691
397 433 57.47227101142027
65 958 21.19981439501663
65 25 17.012938039973513
65 500 60.09151036787971
65 5 15.039540904498553
65 58 50.69226839838332
958 730 89.65747902297579
958 533 93.08325898951796
958 443 1.0344943866797816
212 955 8.051929687641504
212 184 70.4258268015912
212 633 73.97096450313022
212 497 34.33933376427593
212 291 85.28006150898436
955 899 14.695148590328085
955 449 99.489186513388
598 638 28.963914700160146
598 490 45.08993049608849
598 898 85.05338485878366
598 507 29.721199167291445
598 484 91.13013776592857
638 100 60.40550772310729
638 111 33.0209183484505
451 470 18.392260339201524
451 846 72.06980440467952
451 509 81.76337761812967
451 177 27.39173594298768
895 691 95.25076845641419
895 897 28.86636176912739
895 692 37.10978852468283
808 373 6.077106550043895
808 735 76.87733222703056
130 703 7.8876543793618685
130 997 44.845444021217524
130 826 27.75475058636614
130 220 23.450821578110727
130 943 39.548090933586266
703 578 12.35869751616672
703 770 60.52622716248397
703 268 40.13442437918742
703 713 27.550835438539032
679 987 8.211508135712286
679 881 33.66740714980381
679 389 72.28770398814497
679 306 39.03842172371415
679 611 86.34715428477544
987 854 24.505368404226495
987 55 13.257568482901881
987 68 19.27940177396653
20 450 68.13898474965218
20 667 63.342974567267646
20 751 56.542555462074795
20 989 28.55162754952728
450 754 57.35267059984115
450 29 82.58468365492104
450 358 60.05044778671773
450 469 44.969973222430944
206 263 19.2267667861271
206 326 13.235411385235883
206 732 46.9899510408831
206 236 16.10255126309289
206 589 92.3796339949772
263 266 52.68631656500974
263 527 70.36527219719557
263 588 13.372220535680349
263 556 91.42047379338909
997 498 8.935306498001193
997 655 91.84663896211968
997 246 37.64901704325443
77 640 53.83202701632878
77 577 34.73210559003323
77 903 98.46432914577913
77 221 92.83145449714875
77 236 12.372234483929809
640 261 94.69625572789161
640 570 11.308726006601734
640 344 89.25409125049649
640 3 67.0244473230141
482 678 2.1835040610869823
482 685 5.9357116443936455
482 266 52.83822479549015
482 460 47.603537074607374
678 264 51.60177498331056
678 114 20.017815172148914
678 207 54.057503623900324
102 648 83.09819920259108
102 146 52.28159896633368
648 120 37.40716490380841
648 185 68.31780857656365
17 112 65.22925946122234
17 396 62.128576897225585
17 706 46.49721732838132
17 310 61.449478129360806
586 548 55.671434255219054
586 431 11.021917729956007
586 999 48.32627077754683
586 460 42.965237729084116
626 235 85.27612772490924
626 815 36.812587809151665
76 307 36.4406258119019
76 941 29.172740679514057
76 609 7.118516126878417
76 921 66.11216870599466
76 745 63.69671925052896
307 877 87.22964769333866
307 841 44.880096808167075
307 738 93.0171563778861
307 41 75.10116744451254
452 302 53.21043521865367
452 688 40.971562898441576
338 787 96.2403522471187
338 336 10.65749943876376
338 60 83.41826283014386
338 108 83.46478153629042
338 136 81.69363937938577
787 979 27.467836127413843
787 993 10.023675241817104
787 137 84.0759637073396
405 575 44.579205741334896
405 258 33.378802073423195
405 9 27.26945292135509
405 739 67.88403176804324
405 39 9.692114513540858
575 507 60.922139554476374
575 672 75.25947384635644
575 429 58.51100070416691
249 404 30.334903458800127
249 569 46.0280685102483
249 438 94.6904019608485
249 659 20.503512165626464
249 423 8.687382191069895
404 953 29.90475699273576
404 438 83.39888032679008
404 169 90.38682920384245
472 219 94.43634396654775
472 494 86.84759085782926
472 247 1.273931344132742
590 843 7.030240033539749
590 887 86.14731948234223
590 209 31.304028297627585
590 855 18.169654983945883
843 863 29.054748446869276
843 234 40.97039358742461
297 916 74.15911270582937
297 240 23.95794274391915
297 999 7.731290950133364
297 783 24.39429574086806
916 803 79.62202558642265
916 459 64.88918143774723
916 671 71.58409518727862
916 592 88.91770921422548
137 591 92.45617542342963
137 809 16.348282192438617
137 88 30.067357203712024
137 166 92.44654629846022
591 676 44.81663893384465
591 670 10.721019039526773
591 334 58.02925990515453
403 630 30.956467864350063
403 361 89.15320135380382
403 514 4.600239593709528
630 174 40.67360260581452
630 704 3.1194243566700717
630 267 80.26604852741667
173 628 39.12944178093477
173 112 66.3383258618926
173 180 7.078392114737694
173 795 55.60246805135917
173 947 47.868434311109844
628 594 97.24468619217018
628 172 58.770683318921954
628 631 77.48977018888802
628 727 51.52042490168106
960 235 10.65820401333171
960 886 13.99229667737659
960 177 21.94257084134876
170 550 59.458496205516454
170 798 80.66262770067097
170 122 3.183172605972068
170 335 49.75609097932978
550 739 86.90792186205164
335 480 33.41286813434202
335 70 52.106094818411904
335 539 74.42094115486847
480 713 94.72362115446673
480 107 52.729717565912686
480 302 36.94234856053759
357 819 89.03996124788748
357 588 12.967131345330419
357 188 58.625441538724104
357 707 17.333805662022467
357 182 12.094046803172422
819 884 29.54396663917776
819 477 60.68987317998354
819 663 98.99116213016855
819 491 54.86308468673862
486 852 7.821035359752031
486 350 92.98523602088792
486 622 55.68454341221337
852 765 47.46220145765609
852 67 76.36425635762885
588 671 59.09461451329955
365 382 44.20498780831487
365 936 50.09424541313954
365 700 25.717646914879175
365 817 15.664184366634728
382 847 76.17363228818323
382 292 85.03380219701238
382 221 71.55540658443769
382 907 60.31993501992811
331 908 13.175914959198124
331 631 40.01340359775384
331 238 98.00647167374291
331 942 97.90921586693976
908 738 78.62994083077184
908 334 57.58804435845723
908 207 29.902395164002087
908 801 27.628588283506037
691 224 28.169580677356624
691 300 40.96870848893777
691 82 72.42976116330401
247 677 48.448973972226845
247 9 46.95625046827075
677 712 40.05929810083266
677 622 7.958703382627264
677 499 99.2994647547495
677 961 71.98743066869388
216 669 25.203532310736183
216 524 66.60891691862793
216 496 88.6951515632084
216 83 66.25903067371364
669 815 35.51217402124397
669 327 73.87329107183139
669 14 14.727575973225832
669 850 50.570080945223495
362 810 26.467652938174755
362 637 65.75304251166467
810 391 99.60329299387419
810 999 46.77571606755591
810 517 19.76370759714504
810 733 72.86566994395913
784 192 69.82195589878336
784 453 11.646251947952615
784 80 35.5495955964648
169 617 63.4759470041162
169 157 75.47831396110998
169 136 88.74931579179209
617 299 36.600288493224014
617 361 27.521255163583046
617 993 39.660279021034704
857 237 89.03308493307969
857 912 22.90089401372955
857 372 2.523110200025675
524 739 56.48728810888127
524 286 8.343560930577361
524 544 51.97100019381119
524 500 2.103111980390218
293 444 1.0069901869470148
293 776 61.2775646466818
293 733 81.19879190155828
16 110 58.07219057776958
16 802 34.359583652781865
16 795 27.698958354719828
16 746 85.53658353923561
16 850 44.28038506406758
110 86 52.8266732785992
110 41 60.249502649093664
112 826 55.92456899224041
112 612 14.021050070491409
112 995 61.847215611170036
181 964 29.820528136858748
181 528 63.25158787736946
181 791 71.31998949410507
181 959 41.57351249968634
627 532 92.6920363849185
627 350 48.56347665372196
627 610 35.47857338238798
627 773 94.20348418677086
8 600 52.5426853936946
8 873 14.646605757873647
8 133 68.90461972220608
8 941 40.470091064572095
80 528 95.51912386000178
80 605 15.222349918065166
80 896 66.10965655690467
25 252 86.86005853319018
25 539 64.1440655547417
25 776 14.651033956227057
432 906 81.86470901410314
432 866 7.18332281753116
432 746 55.284618956994755
632 727 66.95652496360248
632 859 21.425863418547515
632 825 53.46492565260609
632 473 9.040773464725783
632 499 20.34028410531587
727 872 1.6428071183932884
727 476 63.078892838512154
631 87 51.592029495195334
435 882 8.97256606582516
435 661 11.762309022311287
435 342 43.63249986863466
435 412 83.77218330559579
435 309 84.83538581180368
882 204 15.05153852800078
882 872 42.18356266026811
882 463 81.6908725646534
882 927 38.07516834677366
223 122 19.845309579113792
223 441 80.03488241573707
223 28 36.61154361266552
223 269 57.55593781375259
239 612 43.49161285209606
239 154 43.6075855170898
239 479 27.131429079702507
239 386 16.62330780419384
578 423 79.86007397679532
578 107 20.13673508014874
578 304 67.98701242944384
578 453 77.23233493712128
649 437 79.41337818262211
649 34 47.243448089157695
649 88 41.47715380824779
618 684 77.19873442989712
618 59 85.73244929243911
618 85 72.5321318825152
684 246 29.802217764764897
684 667 91.5566512382114
684 799 46.88004882691549
180 906 9.480222240393905
180 127 83.04322102792409
180 449 47.54405255177809
180 210 18.642004421568373
906 874 90.87281441386659
906 515 86.6958975009763
906 853 10.009713758141029
440 567 53.843932965418624
440 399 70.5920242640882
440 597 11.670157467969595
440 698 49.69386802272658
567 887 56.62182332580442
567 491 43.967223733466724
567 737 15.162713693528879
567 352 39.10006213220403
19 107 65.93644933703617
19 980 82.09988728931174
19 179 4.92093658687266
3 208 51.721821174501486
3 875 2.116377996993347
3 927 13.333246300785484
208 202 44.280121405460555
208 530 82.43567152183795
208 100 13.997321506992664
208 879 15.667533527433573
881 716 66.19820985168677
881 801 28.949876252620207
881 434 28.664254382299255
614 837 18.3391751900076
614 498 93.17646220310863
614 579 77.51630827560155
869 904 16.968257780731722
869 292 98.1302140798272
869 268 12.354418091258175
869 963 61.229115485004534
869 947 99.71256199123269
904 616 29.523410327650545
904 402 56.7023513358715
904 783 89.13096974348008
904 571 39.344407370198596
500 582 98.47955735222482
500 520 96.85416668832632
196 138 94.63702797871693
196 119 19.70851920809224
217 476 51.47536226626636
217 156 80.3494236840197
217 283 71.25235201849225
217 177 64.7335705097702
941 803 9.139081887016626
542 64 88.29207305108312
542 838 26.128958865443643
845 36 32.33084741216025
845 944 90.31032970378945
877 270 94.1840150115428
877 438 95.41923211520528
877 607 52.79771973265126
877 125 92.60313513894015
519 823 31.640846521684647
519 957 24.22117312258154
519 36 9.084123701516996
519 672 63.5439779278624
519 154 58.69164387804198
823 294 19.45813488826488
823 385 6.1218691173001805
823 610 33.19325831394143
823 1 23.661043945517928
63 360 17.569209489795117
63 200 52.748944881240305
63 276 41.28006721293433
63 501 14.2706329036253
63 664 63.440556849726924
360 716 41.65930749451089
360 896 70.93786643951671
360 306 5.972300374396905
360 959 44.48542025363049
283 46 75.13832480586751
927 932 4.353449492246359
927 420 67.32101474762935
927 961 7.329850489165845
932 961 9.030503596400346
932 294 34.48232606238418
932 592 47.66629961160125
932 538 72.47603568517245
290 299 41.35488257552306
290 533 26.56971691902657
290 288 13.902896262452291
299 888 37.91353336955236
299 799 62.822723297115864
259 840 21.852065377662438
259 907 93.11624530267096
259 585 99.19354103980717
840 511 79.24377822673243
840 952 95.58126035163966
840 124 46.39855548822587
59 938 11.74659803675665
59 897 60.37273483514555
411 164 80.56828945173497
411 702 39.098074867815484
411 765 52.31502226481198
411 189 19.49214326090972
156 108 74.0708867126623
156 198 89.79679715947837
156 111 10.386371077068363
270 791 77.64264037483268
270 445 5.0362515563734735
270 254 10.420336287699318
270 518 54.33143612599453
791 508 95.14320697033368
791 792 6.696175278818739
418 455 67.26419488252745
418 837 75.11914481499376
455 322 50.099982084405745
455 562 39.94741848958471
455 250 30.110444715082508
799 127 18.734770272947408
799 511 46.39036784154717
106 844 11.39649799617493
106 994 4.766323362086334
106 192 90.48775716414625
844 71 58.00242199473419
844 75 7.872651889640076
603 580 85.9213998617586
940 383 78.26282172064138
940 700 10.835141172500759
99 976 10.8559016723305
99 642 85.53869392971762
99 952 94.27056147399492
99 653 98.71326793001916
976 476 88.41640511882002
976 753 3.5766156773008437
976 238 77.30550149199959
512 564 32.38898787369014
512 325 11.500652979758462
512 93 9.396556309168492
224 253 47.39601349274509
224 967 76.74384081049962
224 664 88.40802179530233
224 983 32.13019878934287
336 584 43.2268025493701
336 508 35.737212124868066
336 434 29.736647339883657
336 604 55.68768226094931
584 911 90.51225308645074
584 809 81.21818935615295
584 191 73.75340869061549
584 97 96.7417866516637
633 873 43.71987217212803
633 683 69.06838426806712
633 71 4.848080385232214
971 637 25.51065595293571
971 158 33.0396735493918
971 989 58.81514504442143
143 964 41.12706875571597
143 427 42.551588685802294
143 502 9.852551544964065
143 705 72.01431297429322
143 298 65.12270743489067
964 919 91.00658449454181
964 358 34.066797171387705
964 142 58.43546595557607
957 114 74.9699666451053
957 389 50.27940106037732
957 561 32.63367605050583
957 728 59.5866629391854
443 918 24.197660764100178
443 15 16.908973890521246
443 327 80.04723616997893
918 706 64.32249742911088
918 142 86.37962160444545
918 350 95.38954545570054
252 81 18.385101453330254
252 430 42.815968495673225
346 825 33.17532897605634
346 391 13.395407079511584
346 189 95.99688823497037
5 697 15.140897107536897
5 931 16.449285022283192
697 531 33.28230708524117
697 991 6.682796673366813
697 694 92.54220200552666
697 146 50.42585585032221
391 121 26.9399973270408
391 552 24.474079867561905
310 585 54.53201138742752
310 973 96.85940808782607
322 606 28.167497474164737
322 425 33.95515935321425
322 714 86.25957597450335
606 351 30.49368320866014
887 134 4.242807747213182
887 15 18.033388559833778
887 139 9.211596585749934
350 762 30.003832516389327
261 903 29.643747145495638
261 549 65.82930789186278
261 438 44.056052932897956
162 327 89.9373674359427
162 421 10.41269941566903
162 692 78.31399112989843
162 520 74.3327155663115
162 871 3.487674717178627
327 693 85.1557206692719
511 179 34.42013731874446
511 326 18.52302824282234
72 994 77.9733524232673
72 820 40.17786278128289
72 777 71.68215681692548
72 232 76.6539107136252
859 66 51.061314185255895
859 285 91.3131254128705
464 488 40.46176961616178
464 538 2.740621992759094
464 549 59.103499227399794
488 26 91.82220976748671
488 742 13.742124379191305
488 136 90.48771953190995
716 194 33.486241601137635
716 965 40.878490196363224
716 555 8.093997973344344
552 722 11.068352000306678
552 141 74.28782111415443
552 871 1.0651070329040309
722 262 44.83733669423819
722 51 32.79783748418345
351 767 52.14865432120999
351 168 96.01412236043844
351 952 17.89636707343508
351 959 61.32663390990037
767 875 80.77905115338703
767 553 99.35837232320873
870 564 45.99273651718846
870 522 39.10049461998638
870 770 63.86531233216078
444 888 33.64416829755017
444 73 62.09017819898279
444 22 20.44976292581649
444 366 23.809293859238462
888 361 19.300590709417182
888 745 28.00234476052008
994 453 32.21317292053628
215 746 13.361526485743326
215 88 6.779751990182813
215 459 3.211225542769718
215 282 11.390662922851668
746 555 84.22889707430191
202 917 80.04221732861336
202 262 13.666132600769483
202 802 48.48885731641789
202 783 61.61082873800466
413 75 7.247590164200845
413 539 70.99701649638816
413 345 7.35661676074654
24 581 60.60213909150532
24 459 70.35734247870548
24 676 32.582682536770385
24 330 93.09336044567583
24 531 88.54710110260129
581 898 32.715483892872996
581 97 70.35770286519382
850 947 93.58457826459579
508 467 63.32058473066504
508 986 96.8936761051051
508 89 24.756755775852728
915 970 18.489807638517156
915 909 46.38393156836832
915 186 55.120908717176505
970 305 30.728195001214225
970 427 47.749691278826674
970 793 83.22510080617477
837 836 94.33852927255109
837 681 67.2580245623637
837 242 84.0943862713209
420 662 47.66673812088641
420 674 69.79834271503394
420 9 19.835435507956152
863 896 84.96798847717963
863 688 6.732334621755152
863 902 58.49790682988794
200 998 84.3731550330868
200 91 2.972418405018565
200 264 36.68777484649227
589 613 26.991016345859585
589 158 91.18563167091476
613 820 62.49581733832054
613 30 36.12085174967642
366 998 37.34408273805334
366 704 29.952154493215573
366 92 4.2618900174135455
366 754 43.083752667302875
998 248 55.595212684322554
998 35 45.727032433406
93 139 8.106792991600518
93 959 67.83259556064077
93 92 71.39667240457719
139 116 67.13748985712446
139 287 74.08947542982581
477 157 3.3296444534592835
477 483 22.011663910932523
461 471 94.92570358117459
461 85 83.74380581698915
867 694 83.70109011686102
867 817 6.248991555313134
867 399 70.65809053941298
867 564 11.936399391255021
172 944 96.51153099511345
172 356 1.3406317759035247
172 47 75.79664545123529
944 875 24.07006321185209
944 272 34.02567718576755
944 349 76.98117788462937
104 475 26.288904574587995
104 605 83.53220883508891
104 145 61.30156934377419
104 515 20.060168186009502
475 168 4.889994338555493
475 674 42.79687578830971
475 304 13.114992603245469
302 436 18.62871338245132
302 529 10.180938403181282
302 562 52.12094269587399
436 262 1.495914533323518
436 762 81.27732687855398
436 969 90.51204873867844
436 471 99.29374520603788
860 50 30.099249443409775
860 938 79.62337471149851
574 687 39.787386652024445
574 880 39.22358278883153
574 635 90.92597757208225
574 529 45.142066600538705
574 580 93.88749828568395
687 990 82.34882982007939
687 666 81.68778876392196
687 445 69.55235895984927
426 490 85.65623241497707
426 235 16.898011058220142
490 983 49.33977933892611
490 287 58.24144919683644
490 41 1.8188278792308263
246 715 55.30915071959889
246 386 71.44580235811952
686 825 69.31548206872124
686 154 64.96535654518067
686 292 31.832439410043737
686 517 29.569790624471903
686 824 37.732850450362506
825 565 88.36345267273317
751 797 86.69622844873567
751 423 87.52154208460261
751 150 16.515748373886325
751 87 44.80938620084524
797 257 75.96473069711794
797 300 40.16127795347374
797 201 14.721136833603483
797 862 28.917607100701186
22 934 30.4893674940381
22 333 28.761620688053142
934 891 88.78654279233189
934 485 53.16177364565505
934 675 24.92187117779972
934 142 88.18189064875168
87 232 17.999936372336478
222 305 41.77000114539141
222 437 40.79845823954104
222 285 61.9626580920247
222 597 46.03808286495093
192 616 63.734246576628784
192 662 3.9317738946940075
192 741 85.68523032344724
616 612 82.49246617533285
616 189 66.10715243043074
616 198 48.687320411884166
228 801 92.70398221394169
228 806 93.75514928482136
228 879 51.048867200718576
228 849 19.98279810956831
801 615 4.19915463547145
801 838 9.765879916905137
841 177 6.017524646039364
841 279 38.12666065254267
253 583 6.922819305263698
253 131 3.1386983008773566
292 401 74.83096684889388
292 579 76.87046878324277
739 820 85.6851801996175
186 854 76.25407551623621
186 856 39.34097800986429
186 425 33.622793057519644
967 604 58.23410650985724
967 182 36.45617254593625
652 702 45.96375543419272
652 577 5.344089458627568
652 996 13.087048592731081
738 757 68.00294378886205
738 1 46.09788544619634
467 194 64.73611216929146
467 705 29.17627696932822
467 893 87.94680877201182
754 541 69.01780077159357
754 880 61.839383379232814
754 496 6.238978262646305
245 6 55.88091067785356
245 579 42.24842897284976
245 509 30.080576143433838
245 734 38.57387035556612
406 570 9.234306676190977
406 97 43.0397676236314
406 448 19.29208705517524
826 167 24.656524696232648
826 599 18.159654341396386
236 485 60.558566623715954
236 654 95.89954700826429
485 672 40.09293178319528
219 423 55.44277437475219
219 798 60.632739531740484
36 839 79.5937866679066
36 579 81.96220231072743
793 897 58.60969133330139
793 847 60.43053117161616
793 398 88.35282661241874
897 641 87.3276998875864
897 395 44.9838204859412
28 505 23.251785558217392
28 396 35.653925960225045
28 705 10.318099076714429
28 993 13.217812801022792
505 846 91.17463458195036
505 599 14.366902567072648
145 412 79.176986656423
145 470 22.88115593646476
145 620 48.49073045522718
548 706 65.88065193927184
548 441 9.757150099615988
548 776 74.91128913904285
548 291 70.5095402477034
693 446 60.16934707498901
693 81 19.81207347587868
693 735 27.420103579860257
693 865 61.139857621541196
91 596 76.59656842686802
91 995 98.12803373441524
91 544 72.37371355213018
596 742 56.83077088298738
596 743 90.69458089238816
596 190 76.61804254692886
220 523 33.7798294942373
220 710 58.444306923688465
523 977 57.11815352503013
523 620 56.513459183935645
523 865 64.33010463337396
204 734 55.9759631402059
204 965 62.42745340634144
565 871 94.42670338451966
529 536 36.009189912155406
529 459 99.6567365787835
536 46 73.07256545601118
536 135 75.35808960484982
536 654 52.4292204416763
532 828 43.01170526598262
532 129 44.49766886024796
532 657 17.660850525150593
67 911 42.93889911074807
67 113 4.694808303724627
911 13 13.886129449135396
911 872 96.83243499011537
911 945 25.135862277502678
46 124 27.094875663422208
46 708 22.78603244533747
46 493 6.754580846026477
124 980 83.23177121926115
124 133 52.38693692148457
30 1 22.661876322831812
30 495 47.62096849696981
177 207 55.00426669132509
959 615 99.23653861172465
240 605 58.10113001005707
240 572 47.785434497797645
240 568 17.409014562608917
605 154 74.24591200518249
580 188 61.88548059508929
580 370 18.709915133017066
326 770 47.100302966870956
326 956 61.86216581238594
326 9 30.189212498576843
262 463 39.40736350066457
909 107 1.4110589537894138
909 914 98.3733205630831
909 264 70.66210072232106
272 344 85.57730197389583
272 551 75.61905189160908
344 585 96.39381645965787
344 945 1.7487035650832703
344 624 17.386471940170463
179 501 21.287448652770614
577 950 26.95572320921028
856 733 30.06311512451348
856 849 95.7216627981334
856 395 57.98542812948886
856 771 39.29917902265257
188 753 21.50322910946195
188 737 7.683705158226298
356 965 59.83816931393847
356 23 9.193570708949231
356 441 97.91600404866982
356 996 60.453458522812554
965 399 27.692191794768885
965 330 11.03084076898406
18 113 97.23342333030506
18 974 89.74999001407662
18 198 54.65124438280967
113 639 70.01586326797253
113 40 30.33267536332842
113 665 3.0834384911605586
903 230 77.03383218125482
903 806 85.59396111961745
903 388 63.8733879220862
973 914 57.477477537000965
973 433 43.64839548893853
712 945 9.90569034130119
712 828 52.229310393667475
712 342 86.41825931303191
712 875 92.924475547759
914 374 89.15293901308299
914 370 87.33881341530571
708 622 20.340848068790077
990 441 66.81761582751571
990 893 66.05640554020724
13 752 59.406805096442696
13 383 34.36493245432907
13 73 52.54989247194561
752 561 7.308349040724161
752 721 27.539854479930412
752 540 69.0159906845492
875 989 39.46518655241843
989 389 32.143761675770115
516 952 60.71457948692344
516 55 28.778210154575774
516 983 88.46653408374098
516 483 31.468747312459463
516 0 37.85126573369033
952 424 76.59107933397497
412 749 48.476508778319676
666 276 65.29270621598033
666 661 10.626333623821859
666 963 17.582246206397574
657 950 80.07083643664723
657 251 88.39475425557599
657 57 3.6648287255501604
950 370 36.074089411549
950 230 11.21173362522182
950 665 25.376600332102644
454 667 45.38448092575526
454 291 5.703710065137532
454 400 62.619675647950544
454 190 86.32159373400314
667 945 38.63954667656515
182 572 42.659703335527226
182 853 37.8847415940769
572 267 64.52595887622662
572 734 7.077650611064739
572 740 29.85827608342202
732 291 51.494765285642806
732 184 2.7195578909874967
732 471 36.70958442252356
902 237 48.41680179714571
902 151 73.06030491710948
902 549 7.977525574657058
0 658 52.65196053575131
0 714 42.71820664398859
0 393 21.570724497211945
658 207 72.62537552414634
658 831 67.61021589324983
658 9 41.986496851306335
658 597 42.23431704907322
689 956 54.48634740640804
689 286 20.847520174506318
615 600 35.521822288998024
615 966 9.774818760618341
615 774 41.831754200367634
82 121 27.17201351112004
82 846 27.108521556728917
248 238 13.203973583365945
248 296 95.35304375006248
383 802 14.88026240004861
383 688 27.749025666287846
383 114 6.572439257998457
158 138 6.662020457391956
158 713 5.019663340523875
661 846 9.611658915827029
661 928 42.75243729160308
661 517 35.591685748881794
594 777 62.57692385324552
777 671 38.59210891269897
81 986 13.85013260258385
81 35 17.1088907910087
986 520 65.57526411483656
986 89 40.19800677376223
847 922 95.66492351627102
847 637 13.790329826604871
847 919 10.808069562589562
364 430 52.58766189884221
364 544 52.69389751485144
364 400 85.04388353060392
364 333 59.42157087150769
430 250 64.05915132341865
430 977 2.065439374894944
984 401 7.604727453252736
984 833 20.571237542813698
122 446 32.391994462020634
122 815 41.041940302757055
29 138 27.581998321420212
29 129 12.610719679716436
402 207 45.4957878556858
402 938 28.573194017847477
402 213 16.867510232557322
250 564 49.96399185624653
250 201 88.9964754764351
250 853 8.311419957900444
681 873 26.63218376312228
681 144 89.96440032627034
681 358 14.27301203134936
681 271 47.21405799874128
873 675 27.744876442244088
873 352 5.004749769546674
258 254 33.81671977336501
258 663 67.84640233777816
184 922 4.730321920065199
184 69 88.9985957311488
184 330 95.6259714660733
922 150 88.72863877810155
561 771 94.11313147331234
561 358 20.747977955213987
771 398 83.28650229881175
771 619 80.91723548046754
771 974 72.59795632975538
919 707 32.9593361005074
919 70 27.14809534527511
460 47 53.7697453731635
209 700 16.96435788457791
209 116 43.74064296986809
209 68 75.75906261378512
209 608 14.349918198425849
700 741 20.262414047293987
874 92 6.337210281512376
874 675 80.02814342899855
836 453 6.705738031163789
167 741 40.71808620154877
167 433 21.73095947561315
167 230 74.90852652999173
167 386 66.94920122460069
741 131 29.856504732412553
741 427 4.823243213760831
917 492 93.885278867788
917 429 17.015897685124752
917 111 71.49629651681
762 692 8.651981394260691
762 479 17.576651173081373
392 108 42.981852608812545
392 86 21.250496046428513
728 815 94.05845035429563
728 676 22.992863641676735
728 537 32.906180660005354
815 387 85.09419811581853
670 785 5.842171747964891
670 280 53.87058026481362
670 276 40.07497157216724
232 569 3.818054506681115
232 563 30.075837434479695
232 582 12.663872282578634
569 709 64.33264067815618
569 775 60.263274173921836
569 92 23.267380678363107
92 853 35.27927824047773
71 982 24.492344863426457
71 795 7.062840316606134
543 469 11.61340698522733
543 234 86.00349416822151
543 743 69.55123917653978
305 889 86.05838024413804
305 69 54.10475303050792
305 329 96.41026676664161
889 279 77.83992116826671
889 824 5.3401634328967145
889 805 70.05486218139524
88 375 49.15910382053764
375 734 77.18692549971347
375 271 28.391964596520776
431 551 11.672781814811824
431 936 34.44888426450387
431 597 25.051322740697934
431 763 97.11146804156085
551 166 94.8069569685835
551 912 50.48872471552591
41 396 20.09546728956949
41 735 46.37413459600305
396 98 20.50171263480337
446 267 56.8969843963482
479 6 55.628230722666
479 798 19.45636993915146
947 838 13.409525267815821
772 286 72.71288569811361
772 734 79.89175853838212
772 803 98.82906610940734
772 864 95.84819439750578
985 886 98.83544166861577
985 862 57.95779271357902
985 39 91.97896940416366
493 309 54.525457504555234
266 668 35.15388734501044
266 389 80.4809759108666
266 448 2.3560384361260835
668 463 2.319242075525728
358 116 47.67670711465054
73 884 83.37296848077187
73 880 3.807695719781691
73 527 19.290877717541147
884 349 98.29593456424449
373 352 1.7748967931461102
373 715 92.7467411677043
373 714 96.98007848709477
730 692 80.08182169180441
730 619 19.285055158425436
655 893 17.570277727946582
655 194 11.124035555388916
655 151 63.52645608953677
893 544 32.47962824475758
846 604 76.62654734035647
388 37 83.24481205556665
388 886 52.025310229237625
398 775 51.05490999143175
213 469 23.354407343927104
213 698 45.63713220250062
213 763 83.07236520374589
469 153 48.19062644711192
469 724 27.531278528497772
372 537 95.60695148987307
372 153 50.802438727943
372 60 16.000437001799853
401 556 89.84512751662255
401 653 46.02390447408191
367 604 99.09367393340487
367 465 90.9667651521747
367 133 89.39941996103356
367 109 82.35686408432943
604 785 22.67686061344874
540 802 79.98593315767371
540 928 50.26785715496438
802 969 71.18744436453505
582 629 67.12634352347591
582 530 85.48239644143327
582 864 40.70809707290378
85 592 13.807021559558034
85 333 48.60257352479094
85 962 2.3207350966370206
592 120 8.363871968748931
140 221 12.154687974638769
140 484 25.694293040006773
140 757 87.45508548299787
140 498 70.38511848105617
140 533 75.70376338616647
676 60 84.46471416533522
55 387 37.1734838454222
459 671 39.506780233005394
611 974 21.714147168575792
267 978 72.23117165656026
57 539 86.26588127440866
98 879 92.6242057773659
98 94 70.27938935065424
98 424 62.479715640068065
879 282 83.56120797234692
66 494 45.86958147622892
66 191 43.93385392058559
66 978 53.74247784484804
494 641 9.39241548716562
898 400 55.89354678895794
898 198 46.864804016639496
288 912 13.358724186800037
288 740 14.914464657604514
288 866 92.77259906147195
94 445 36.37638000364034
94 710 35.04319762553629
612 334 30.80142700978887
612 509 64.9490501876474
517 571 36.62684313773078
517 296 88.70767216033403
571 114 83.4383816530896
571 271 37.48720268639679
571 507 29.76463023781094
991 133 49.37821730086841
991 642 85.60281474236811
168 685 59.8460530650926
168 434 43.084886539207034
434 136 8.228521810605233
433 659 14.227814175000791
659 298 6.247058351064792
659 982 14.667747899976625
659 608 20.869244598613296
394 993 17.53403625576134
394 953 76.88212474488894
394 64 70.01235123480448
394 70 26.649605604963064
141 568 71.3803244045245
141 775 10.762759686867925
568 674 53.03734998526495
568 609 20.994443793050568
568 429 61.63838167035942
983 665 75.60186605380807
983 792 55.775490855830014
515 89 72.51840258340216
1 849 60.72338689000681
1 35 67.80420716925434
465 682 10.598624120110738
465 280 46.43926933206329
465 50 13.734334931988286
465 753 10.874648364725372
445 978 61.27977523601481
445 504 81.59728323525334
484 936 24.398902797567164
484 931 52.093276650618584
936 129 89.2371772012972
518 279 9.78315191493694
639 352 93.09944221658562
639 624 58.28526918189728
639 100 52.27475791082077
522 7 1.5056249006937859
522 831 67.8147970283254
276 742 52.509769274214754
345 157 1.0538277800772304
345 60 31.716333626438413
449 820 47.814023413786224
449 931 64.51855025164484
449 39 16.05517821116363
820 509 60.761534799136356
410 562 96.24795043817463
410 619 92.18629455864011
410 968 66.74209626124735
410 304 55.82422847780868
562 583 23.26231649871847
562 796 69.60139591849092
821 513 92.3988066859321
821 463 24.028429782784556
821 770 36.45708916139306
40 470 70.5146488903235
40 554 48.33391770257319
40 556 51.95243034290227
470 131 5.173837162789107
470 513 28.034698884569767
496 520 39.7997164474125
496 513 21.4822668275536
520 448 82.62730497075448
26 995 9.222777784408887
995 891 38.493310393332706
6 768 44.127945422906265
6 864 83.72311618515329
6 907 80.7632691755648
768 742 25.1966582047409
768 47 3.397877350118793
675 966 56.04416236606575
675 497 22.830880656615147
635 437 86.04732840506679
37 962 5.871013842912406
37 714 15.579483602392504
37 865 74.71601768800524
37 127 58.71006558097229
962 425 8.452165607779563
962 330 69.68765076007351
962 379 84.03315656544505
385 724 42.64014148539117
385 622 95.86211739862895
385 513 27.577843098675682
724 642 55.46637591413746
724 47 73.40591996521233
51 774 42.396655603603826
51 376 67.26719968971834
774 788 30.24951200428692
144 541 76.56749470660363
144 416 20.404639302993274
709 251 26.334813472089944
709 119 47.48449374941033
709 610 81.4608258533325
848 83 69.4787820231757
848 462 89.39295211839625
848 541 42.43280334825041
848 538 9.056311615741441
438 624 18.77638504585649
210 393 39.297968070302744
210 662 24.79982914694538
393 238 8.005628378262703
393 999 12.918797853943444
393 662 18.050824404412072
69 737 78.85172812342113
69 194 5.329790239059579
737 109 98.42391100081045
549 497 98.11935988393425
549 702 80.23090898653592
713 996 81.8892511414052
713 269 73.19213479016273
333 395 82.00885146525447
164 763 89.05018913084015
164 325 38.50540182005486
386 831 62.93106571132468
386 773 33.52322536106033
831 14 59.21329735371045
831 395 11.174050106183136
483 956 81.32407766919808
483 749 44.49605929195997
499 191 47.367851977838676
499 125 35.627948149838936
237 370 48.87315800800145
237 53 36.70530557699891
237 7 74.23977002282997
473 256 14.412621571233085
473 740 15.363263463392675
421 563 65.69882596644632
421 251 71.7732774523179
60 608 98.01572796567368
58 749 51.34604832852123
58 977 65.30553356218454
58 553 74.70035791182302
715 982 90.8462703347023
715 513 81.6103547803855
579 743 61.83803226049685
300 942 86.64520584582047
300 773 2.6451989006346777
300 775 62.90778997919256
379 553 21.234287640634733
379 121 97.06454485895115
379 424 20.75382083778624
287 980 43.11074559497928
108 803 32.52031203173571
108 792 20.56043193490832
803 268 39.30889642766074
376 86 16.70334277915955
376 201 24.939078984275827
376 942 66.85767254561688
376 683 92.72918706720338
629 849 45.72630282823783
629 853 65.34266625466044
849 100 99.0348312267172
174 387 53.62631123397303
114 707 59.287727884776665
50 749 18.92730123959831
993 817 51.85030497898105
281 47 1.9762780071474788
281 254 9.724217529382248
805 453 44.0228598231104
361 109 17.294642623578792
361 862 92.48997233599083
476 956 48.2825849606649
166 285 99.62630765933281
166 706 97.76629921625738
166 886 29.78182647243244
298 977 36.14477027229697
298 387 33.51080832876178
298 198 86.6864176492478
977 86 17.242889182972885
692 75 92.46548672557955
704 999 62.94809413014785
138 291 39.41118653395062
138 120 97.80961226162431
194 833 92.47553044100226
570 665 82.01608102981875
570 953 2.0803796193503885
665 968 5.930963244429524
938 795 61.235624009544146
938 830 3.046446329975603
497 514 7.91591922488973
285 682 1.3743365037695652
682 610 26.366481486669745
501 7 23.70103602722645
501 798 78.0110587040445
34 442 62.53801700095747
34 260 8.196127358198455
442 330 76.57458821269731
442 462 91.49328926937616
442 806 23.00991521820776
340 763 91.3229128808011
340 68 84.81139369571204
340 146 66.36190864881763
340 533 15.938638372581995
340 872 46.14178983591324
763 64 67.99312136774576
839 968 54.379167799456795
839 269 88.81174793080898
839 745 28.216115187219966
491 625 3.798131866745213
491 498 82.2570563642816
625 424 57.151201024878695
625 527 91.71786233232548
610 663 67.7067029533044
254 538 45.90042838008392
254 100 60.4854175770505
538 907 46.41063932027291
342 329 42.17175962003865
334 683 40.905292060108394
498 314 89.92236795696002
855 931 60.679370484169965
855 120 79.87158097986976
855 796 8.061562427911946
349 533 36.194353993939856
349 256 80.92135397371736
349 374 12.483464754353754
83 374 49.821025715661996
641 185 71.2615295590488
641 260 8.200215201492338
400 710 7.671322927911241
400 796 31.62933459038868
817 280 52.18346288822429
817 427 28.69696384509776
416 838 10.704173543169349
416 607 17.10319197853847
416 833 65.01834819749281
416 260 19.585075576870352
770 119 58.562507785942195
646 886 4.038224899183184
646 507 8.064023355494413
646 429 49.41593328966964
134 495 17.714955999162154
134 830 51.69287957457857
134 116 3.221958716209662
495 735 72.48766490703588
785 424 80.73324133386706
721 828 82.09066875783256
251 314 50.51116255356479
127 585 64.41894368119895
662 907 84.50636804875643
15 891 5.082939013774692
15 609 34.861434249862974
688 698 64.84707668642025
514 316 76.91933485535976
7 620 29.618629655677932
7 150 94.6416238900736
620 663 79.97781735537407
279 190 30.336063065414052
279 234 55.66810035735448
190 151 30.712238185990422
531 607 21.250743959055626
531 70 89.43355140656303
556 650 65.9361436993994
555 64 10.03233688895825
23 97 59.687067229959524
135 607 36.676626616709754
135 541 31.891326607143295
86 53 22.187459453818025
271 296 99.31450170756686
928 230 90.5422030473652
735 827 43.53799533209322
827 230 87.70650605711313
827 14 30.209665942198633
742 824 44.77269114592632
492 583 32.57704128178478
492 157 71.8676502722713
185 427 13.129636319319845
185 806 46.164858209677206
185 309 63.975469404370166
260 740 10.93053011339918
260 471 26.0545643790291
912 622 92.4424675061505
314 316 10.201663254185531
504 316 90.1552673742925
504 607 16.28351185859675
504 968 64.01286854995122
125 966 91.04600124455999
457 544 80.01285974328991
866 757 36.01216336482217
953 304 82.26684816116845
953 151 84.48277652925343
329 733 37.417905418754245
329 637 7.66186858277305
674 824 35.78737109129711
600 554 80.24821721998197
157 142 97.76396562576332
269 757 81.13315968552725
694 294 42.61240479335657
694 619 20.81007576774156
437 234 27.65183791512353
39 943 90.65665249150358
189 530 61.28749798378691
325 242 83.81464108532646
325 129 64.49782577291768
316 963 33.05459764682606
963 142 11.661883018037923
463 921 75.38476560889535
642 705 34.561628268900805
705 706 61.106353345823486
97 585 56.14036623989853
120 830 18.436643920686574
775 53 63.77892101276876
235 776 14.074437867792849
608 862 56.49157063582663
773 788 64.00913641508035
119 35 10.50925714948744
119 256 62.448509909460384
707 943 6.855528617384689
707 89 51.00323174091272
943 462 74.29456957234733
121 146 55.59667457864813
121 654 96.60122457441244
702 554 90.4440795084826
89 862 75.55191620937164
425 637 24.88994510044384
583 828 39.23695726500902
864 68 60.98388544320726
864 798 57.20894438775746
530 795 72.16579230450988
509 824 82.52337405893799
294 776 88.21797158565327
448 68 38.46992643565535
527 979 91.8949506355645
833 256 90.63925226011335
280 788 71.97811299078472
242 996 56.542384653904755
242 865 22.624744338987696
304 502 26.345532288656536
740 788 13.13465318679861
663 282 10.265353253858345
