346 500 73.93051612134887
346 194 9.57121525383166
346 178 98.87218019436207
500 268 11.22461249319368
500 13 69.36269742684935
143 985 29.187536564974614
143 297 77.61648548205925
143 977 13.477882742609527
985 198 50.68080228705667
985 536 90.12666157280489
555 648 51.00037499264764
555 772 76.44008164018803
555 876 38.4493379538704
648 141 80.93981197173967
648 589 80.16353708518487
149 668 19.357790808992792
149 154 28.187492656941505
149 251 22.57441905040487
668 402 28.598079533829278
668 568 94.88952968046691
66 877 32.93534383243749
66 300 53.85126554156906
66 786 42.70573645725283
877 258 80.76489331790489
877 245 59.341456373372786
304 411 99.01940968088189
304 905 81.53750660964563
304 662 66.22149486394372
411 682 57.24021179302599
411 910 66.63771096252273
184 789 99.02988065056756
184 351 32.84714521833497
184 333 21.047064999255845
789 14 19.69008098711322
789 312 25.427434838681407
541 807 3.0605664240332744
541 280 86.63742980867252
541 0 42.41127544975437
807 270 48.886461523099854
807 291 48.71771641020135
185 327 44.59340149646123
185 439 24.804114788485183
185 465 82.9261959701061
327 311 47.4470309252963
327 397 81.5360209829964
133 175 96.97986852256298
133 944 80.40689583856621
133 249 44.37480163427759
175 139 34.563505401559205
175 953 36.602911818083754
308 443 23.08576883136403
308 600 44.1522004899114
308 816 49.58725349560407
443 574 73.37727025112326
443 35 8.861794476263146
328 644 66.42248812283113
328 599 30.417310149750048
328 917 65.55055322297416
644 331 88.74444577725427
644 599 26.578593591212492
440 905 6.268274885721989
440 975 44.2998213989776
440 499 50.29096758021979
905 57 78.71643843466765
524 736 42.90327936471278
524 843 22.242811484204974
524 61 64.06698504508017
736 730 70.76346143567417
736 627 12.244043887630518
516 665 2.4644590521805387
516 437 89.0830077799357
516 229 42.15758610100113
665 107 61.46979060592393
665 6 83.24148556037795
139 780 40.747019664036785
139 334 90.54137516917976
780 81 42.317331931045
780 601 96.64923642357797
726 960 34.33213079543917
726 122 58.832237512823916
726 652 14.420670810643614
960 104 42.673181280941215
960 407 68.39564485592398
450 711 92.12392661134345
450 273 12.16319168219072
450 538 40.43955088452035
711 870 27.125535022837045
711 978 85.10999659946101
364 692 1.4633642183689601
364 37 60.969278358943974
364 10 51.01646708142559
692 826 45.7969589687329
692 318 14.779217058825177
207 926 32.56956914932155
207 71 6.57417216064949
207 532 45.712627596678814
926 478 37.1066010755757
926 882 45.71486718125429
272 660 65.08897233269154
272 857 46.8351002224993
272 922 92.02846297173954
660 306 85.2171705201277
660 330 84.96723214414237
170 617 44.453677386125065
170 220 4.182908459821638
170 632 4.755058890640881
617 176 12.473305897855246
617 362 58.04751568349374
288 953 28.85418314365663
288 436 50.75507184110827
288 300 33.792415784789725
953 704 42.5368313893282
111 725 51.9249182210929
111 939 99.35436990265224
111 870 61.51766465678016
725 492 99.09837933419317
725 469 62.19932073829754
187 819 53.2548872755205
187 456 31.425065966382576
187 307 34.085062139087746
819 688 47.599401282637935
819 359 30.991844632223604
78 812 65.08999647467897
78 719 89.20508698883211
78 782 77.97608478510655
812 600 76.6494410440012
812 806 11.678721236068181
613 746 84.61736916107314
613 401 99.37051264314915
613 297 25.174894164970855
746 36 18.8571011114343
746 93 52.90385349518957
110 845 82.50739734136572
110 233 57.18605460256249
110 464 38.025671162667834
845 455 55.89020387416788
845 376 26.27780541218529
939 473 33.15262663366068
939 146 5.99924616753873
645 762 26.96709703547519
645 935 4.289533062115095
645 580 64.13226374075839
762 661 34.59406516432746
762 731 64.70097934277558
478 795 85.39638265103369
478 370 14.189673300696633
36 793 1.2118673046101907
36 852 57.267480715444314
182 345 90.77730760224725
182 469 15.690608000613766
182 84 37.69760865885031
345 65 81.94872669590107
345 283 80.50081070835773
3 781 34.98439672341956
3 324 22.904788627106235
3 196 47.972006215017124
781 487 89.53000204669242
781 900 5.5857466636280995
355 586 50.62545201870739
355 313 70.53218319829678
355 238 9.487305961697984
586 775 34.912292343651906
586 958 16.249075847165997
493 883 50.26880036185844
493 367 35.08658691507811
493 709 42.45719176927649
883 366 47.519998484098195
883 594 33.09452225611692
247 755 29.862488053825395
247 940 78.74361125104136
247 94 95.6499579027454
755 441 70.92187729525087
755 329 79.21161449979482
267 529 53.49574385642367
267 849 88.2358507295576
267 435 53.64019165991215
529 838 91.66870759983215
529 418 36.57428267453406
684 972 83.279643160018
684 71 41.399669563534964
684 142 3.8796423479589994
972 49 49.001777378815554
972 896 11.783705804940844
573 618 73.08732590604265
573 935 11.693292194264401
573 577 4.0587857134577545
618 929 24.78596443584617
618 448 86.37946345372833
63 123 85.75110208362767
63 512 42.30618152299166
63 33 70.37548298230413
123 279 5.042021398310546
123 521 26.585787083029768
624 820 74.38405463195915
624 338 55.20235389631861
624 596 38.58523142190352
820 793 21.253543090579395
820 244 74.18635643290465
250 567 27.79883589377558
250 148 22.737418035366016
250 91 50.62523890129282
567 991 46.136804269871156
567 299 30.09842972623973
340 866 21.380243787477536
340 578 30.025502514928277
340 314 6.291052758159243
866 436 94.62828182869657
866 219 13.997578752922413
145 577 8.260412239581008
145 25 53.223454102527825
145 707 77.6241505784309
577 536 90.95766726938407
699 720 43.49275462539442
699 151 23.155368655570214
699 983 83.84655441836527
720 514 93.53791907089679
720 200 62.18167856392885
100 664 70.44207443450692
100 978 40.6597541516444
100 771 23.34852618432439
664 286 20.80878929744053
664 908 29.09636597941031
325 674 92.23276810411326
325 497 17.523891325639784
325 984 56.43118097159075
674 213 65.30243362702139
674 278 91.02342789899281
417 449 60.85037247005889
417 7 83.31139840577461
417 505 4.71282400771209
449 454 88.69498409032595
449 262 97.9210625919755
294 552 43.0938022436548
294 976 5.562741261720931
294 837 8.726840126993874
552 161 84.71912382687219
552 721 97.13499204879757
23 106 69.19073704974538
23 686 97.35750077680362
23 147 20.529601868740656
106 946 18.32797859872417
106 317 67.6071948726369
978 727 34.46301361346276
104 523 46.551040010648855
104 551 94.97803676880095
523 215 97.5276671986436
523 881 64.9057197084471
33 68 38.440432947106984
33 630 96.63525064993732
68 800 19.29792217200698
68 790 98.51669738797843
397 987 13.451147054992912
397 908 40.856758351449166
987 867 28.357676708080255
987 333 13.90037896158211
553 797 83.87612240454455
553 353 86.6406946668861
553 593 62.81437069225134
797 886 1.4318475045019612
797 92 49.21816042315506
702 869 20.058068526982154
702 114 46.130794291573444
702 1 32.176082378574364
869 86 6.680253180046393
869 44 61.79704089998889
406 875 72.59223782284846
406 386 83.0176667009229
406 655 43.15720417383529
875 67 22.880948837388104
875 696 97.78949809586517
43 408 67.8260755263358
43 34 10.762063375798409
43 675 8.56405801385391
408 522 35.89735962142612
408 37 71.98882366046236
265 716 43.06141869878394
265 784 39.3521626620863
265 587 64.33529699761795
716 203 27.661560693687342
716 474 74.68607481511526
693 947 81.81118845214259
693 79 36.11255401524959
693 893 1.5565199237424945
947 988 72.40147622104095
947 116 20.618859827521348
254 399 59.69028670459955
254 335 23.128633592393644
254 40 58.116230752078806
399 358 71.24894995875096
399 607 2.1898425164460695
37 491 10.177100999182652
491 437 11.987486420560437
491 438 90.52192795251725
479 549 37.928347654102964
479 480 10.002307433885822
479 347 65.4969396764847
549 465 66.31767905967038
549 945 33.130231309550425
423 792 31.639414905978445
423 30 10.52939038312535
423 761 30.605341350474863
792 217 47.08243963683721
792 164 80.35968579258999
894 965 6.288784474650553
894 195 3.3355004738348777
894 948 2.660133996981917
965 981 59.0240149441003
965 380 84.07565240229329
535 891 68.06780139740214
535 289 23.421772253288886
535 330 91.11923650736531
891 734 39.205050509555555
891 339 53.2374208179919
779 880 57.31106228996403
779 963 27.314508637232525
779 600 80.87612855238396
880 372 77.92131744040059
880 102 59.68506012318399
289 283 10.053204203545164
289 482 28.428712913246233
324 677 5.547334197392286
324 349 23.534727724158984
677 724 13.86718053490015
677 486 39.109217340572954
775 401 42.84329359047696
775 946 23.357656549405178
456 619 46.795589239061435
456 640 81.18403938441168
619 425 90.19437413184629
619 201 61.260768066260155
215 646 84.02383322356604
215 784 90.04875214064069
292 910 56.291247024669616
292 172 77.81149280071112
292 155 83.75771023416685
910 570 42.43227441719949
683 829 84.74506360608399
683 900 34.96476589399193
683 274 40.682936388850266
829 859 6.084395001959248
829 757 88.29080264753645
705 950 49.68587317617117
705 89 92.64004728872956
705 508 32.454633693726905
950 974 38.06143057807105
950 2 32.6461830627002
9 212 5.562296965000153
9 74 59.597006747977204
9 231 29.479670810942746
212 420 85.17410000131879
212 18 69.87719154801188
105 419 42.603580704708364
105 607 53.18046453244389
105 264 97.07157442515637
419 379 39.171011922081924
419 240 83.91466441100813
751 988 91.25887448518148
751 777 71.14368931747717
751 658 47.30227632178487
988 826 72.02400926404363
688 685 97.11444625503842
688 507 21.586540038507568
201 832 22.405219739001005
201 344 68.12880144970462
832 603 32.03505869906291
832 890 23.5675991779862
570 42 10.661257233891824
570 124 91.96546903196092
261 268 56.413696722265016
261 140 32.34660367493276
261 993 95.35752307941573
268 61 65.12608789462502
393 924 74.48658089728225
393 59 48.339322998790166
393 930 15.488857970261021
924 193 15.229762381553655
924 717 95.25887458646959
198 936 64.34665257172036
198 334 76.0468579700781
34 918 42.17090900648365
34 930 58.19378694065467
918 426 23.191138583731615
918 833 7.488880075560023
316 486 52.71631779325075
316 773 84.27462574420721
316 627 7.253913888473626
486 404 17.564918450463992
120 148 38.72624648663156
120 698 29.071714274616618
120 588 4.546672507840387
148 18 20.381439124031093
578 714 44.988196119394125
578 502 89.90464144380198
714 785 84.78777746944783
714 62 67.52942569947986
91 841 48.5253383049134
91 361 40.65718807053228
841 741 69.17820020178848
841 902 90.08020257649031
203 721 90.58166981407659
203 778 41.56236925672108
13 356 73.48468917822818
13 221 36.53749677988853
356 128 89.472024530253
356 350 13.95270358385263
418 788 92.3926294267842
418 77 30.901656944806483
788 372 7.421888454076214
788 354 51.818730428969175
805 920 10.40431354756957
805 42 61.31631616872486
805 706 45.23775806327519
920 867 42.2796322059574
920 504 30.686293518871274
58 962 15.617771955948816
58 319 49.335505802388205
58 108 19.477518279105357
962 208 22.48341217503944
962 782 68.1558044737225
46 969 2.735796987125389
46 118 55.79570512124496
46 628 87.77984114675303
969 331 89.3781199262434
969 839 20.446642714205712
559 606 79.98813234351502
559 430 87.84193848438343
559 259 54.25480073299263
606 763 1.783946219151134
606 732 90.98535413930817
122 378 68.2955485963422
122 457 18.528425717772038
86 302 5.348927426631449
86 671 80.1456266415963
395 445 65.70298736453663
395 480 14.187201124850633
395 72 74.97622209798388
445 861 68.70830923521764
445 992 60.667873645096314
302 135 47.77032856339255
302 257 96.69864305745845
17 501 51.76250783938585
17 118 90.10130784256201
17 670 13.274334723777962
501 713 11.679935122867391
501 991 73.28542688613601
489 637 17.28843921541589
489 817 1.9075971313511721
489 672 61.92114888963457
637 97 16.153629547208894
637 296 17.316707233740654
218 414 31.978318706415212
218 835 74.95307244508282
218 4 64.48082958845534
414 295 83.461581298019
414 994 1.8352733174602758
151 715 76.66132690886633
151 154 70.76491335969293
634 908 92.1852682160147
634 914 42.309114183526695
634 27 74.16273664097483
279 597 17.692991656326324
279 975 99.07367392621249
343 432 86.73769379720402
343 217 17.289321307088876
343 799 60.96936687956042
432 899 35.360016426489324
432 542 17.165449419953447
71 858 51.429423398657406
793 856 88.55475655585043
856 631 24.483593015927887
856 214 1.0824288371563142
41 963 24.491362263903415
41 850 46.61716164749467
41 589 1.6690598234777778
963 303 78.39951466149758
351 879 90.89717379971906
351 917 93.08403126481589
879 131 55.41078406940348
879 311 42.823146514855914
242 948 12.32215050094317
242 850 31.43387754120731
242 232 60.29149208603565
948 694 26.547363110815887
640 925 16.254315370256343
640 234 95.40872577361279
114 848 34.23801493366769
114 248 94.84991077494982
848 85 77.3459726681568
848 76 24.060598971648012
210 220 27.181600065466505
210 851 2.6952636863385253
210 438 5.500780338246055
220 244 76.16106499370927
280 568 51.55497516834725
280 651 71.87913119418029
25 229 13.30404069334292
25 310 93.30365367067174
554 763 74.07954229318906
554 153 13.920056698291566
554 8 11.828186882063223
763 360 28.72006710071708
295 298 75.42714621119242
295 409 46.12308650819325
298 574 15.429904967536974
298 446 8.271406314694147
209 496 53.81321551527291
209 889 49.89862665866679
209 839 14.008041798900788
496 200 59.6258831885207
496 276 10.660179539743133
896 993 6.028788866313986
896 56 82.68794632473819
993 385 40.601004787276196
59 482 77.89418950612428
59 509 49.56270503019452
482 878 46.61793610287605
259 273 96.75409833054118
259 772 5.400360617757503
273 546 15.235243819969822
701 943 51.12723828257334
701 964 59.98024161560657
701 497 84.70617208039054
943 575 50.003124190129604
943 431 88.83513263024946
113 811 54.80290022424908
113 235 32.76779473249022
113 544 15.077958369666908
811 277 17.611576308999926
811 384 50.81718495354973
21 520 32.19060347728362
21 846 39.168721862773204
21 276 7.148843814173682
520 539 37.63335314147651
520 189 53.59283741997344
225 498 43.29036442425683
225 697 59.381387355011114
225 383 49.318604523192946
498 380 65.04767700685815
498 538 67.91524713121504
460 946 12.186007746773248
460 629 54.21605525596603
460 152 32.13316818178142
83 546 40.29978400697153
83 735 96.92737801684748
83 596 77.91902938842485
546 452 60.04218191216777
861 895 81.07345525982014
861 235 73.78881399839108
670 707 66.82249978684926
670 673 5.591233774997511
707 672 3.396374087296632
180 884 75.00996649633457
180 835 46.47544121297959
180 955 53.34636617649992
884 657 76.99700839246628
884 571 73.44733124000093
129 434 22.24965015235166
129 636 75.10476009742186
129 392 4.496203057349069
434 490 90.67033513502116
434 957 37.408945160790225
383 667 25.341279792913816
383 571 51.59939927118964
667 583 59.53576536932061
667 52 81.35770281568041
7 892 81.67842256093483
7 533 13.056046203732578
892 758 71.00706503717834
892 90 94.54574661068668
30 604 24.1474624251276
30 228 79.11337462099733
531 638 45.19380419099633
531 252 26.821944499165145
531 622 36.871304693998965
638 862 54.55921017441742
638 783 32.37965168519554
658 727 95.1600282011057
658 413 61.88508917004782
727 508 94.71650543837042
401 528 48.16084411623628
730 994 7.429148016272158
730 958 34.027538514709704
994 337 7.051153741625085
57 116 82.84824150794417
57 696 74.10139416415774
116 88 84.66175786832957
188 761 37.7427328536148
188 227 8.525859555416512
188 315 60.86643413639172
761 257 85.27353085907792
74 959 97.53915978186777
74 590 79.87630935675867
739 814 93.17647709423925
739 738 9.402047340795717
739 931 34.27071847897728
814 22 67.2337600338703
814 795 56.70948793540088
315 416 29.010588493658535
315 783 54.111821213858725
416 764 71.86348568192071
416 452 37.12256271260106
245 794 23.07898303023468
245 228 36.75524343133494
794 178 55.8255082817215
794 649 34.32603077016642
108 954 58.7155490086866
108 362 95.71422980970212
954 551 80.64530801579751
954 347 71.08621986655392
56 410 2.81040264070803
56 931 13.38594751069538
410 4 61.70807250511547
410 14 40.288379640262434
342 511 46.914209744898464
342 161 33.433723565754654
342 404 12.10203997941998
511 369 15.828605907416602
511 983 76.69858616696226
367 204 79.90925602081136
367 296 4.943091237579982
154 44 10.009131004774142
211 593 23.941367284474165
211 719 96.75661130337211
211 916 91.8317631836511
593 5 46.413027098438924
508 744 82.28204479170591
744 609 44.157502857065126
744 127 56.14429887842382
92 495 40.43653963494412
92 163 10.135420887376267
495 415 46.61140327398284
495 973 53.4878589530092
377 521 94.5690213744658
377 293 83.77275732234993
377 774 83.06619852659766
521 138 2.0574160450452723
125 337 43.572411262911
125 503 99.20370491022419
125 398 99.03647663799774
337 737 87.17313228268239
137 348 9.133957549946492
137 446 45.2913227245718
137 584 33.22122200462797
348 266 99.51732751837567
348 253 85.9152938292003
451 722 8.401632294635597
451 371 35.33778584193362
451 680 35.10546343614833
722 712 20.138551464642344
722 405 35.83965288289424
605 802 83.59760827345042
605 305 21.337260318063265
605 255 13.011823620525817
802 368 44.98375090215498
802 400 98.73351658853778
14 961 44.97022949850031
857 656 48.207943253714255
857 528 28.79380623912166
128 654 34.94889961113524
128 860 24.51721344795144
654 659 54.58626682135795
654 442 29.37296591882132
709 216 65.00464505433091
709 115 60.91068418852372
301 477 98.83847483843303
301 430 32.87500244222544
301 142 31.34323801059456
477 274 75.35591746210659
477 285 92.474767171495
360 817 81.68528576313525
360 256 74.05331557215867
817 51 60.42959968060907
505 885 77.76763802522451
505 168 50.246392245938615
885 689 17.56743566561304
885 223 46.43684043268667
55 772 78.41127958287065
55 728 27.911333021675482
55 475 4.580174969387679
728 742 69.30636214394286
728 144 13.96943182782113
742 604 72.64985924812969
742 70 12.627364933094555
458 824 80.18021588747332
458 569 80.40415292900545
458 595 68.45277347672943
824 181 87.03202571723365
824 115 80.18042864896893
609 944 4.630244171589354
609 713 62.00987487965064
248 801 59.341359402049974
248 803 56.23404748463116
801 281 53.16302080745037
801 29 1.8261861824862686
286 982 73.57663218535423
286 427 91.09573755148946
287 956 46.50573203618504
287 874 47.83676704624061
287 412 42.23789393139159
956 620 18.731643021281677
956 202 82.62060148149358
380 545 64.41919265402807
369 871 89.91494979258388
369 403 33.81857864091104
871 205 58.3739733769974
871 813 51.952469909371246
232 415 80.21116655310858
232 760 11.235023684681359
415 156 94.8632506077368
724 991 12.401305243163431
724 177 51.21788989957742
97 237 21.65793354224224
97 532 33.188656521923335
426 158 17.08694336868665
426 277 4.6930302010350315
98 731 13.258733340745195
98 396 42.73992554293527
98 202 41.67846643929991
731 464 53.835302470637714
152 874 32.274375986509305
152 691 31.775849679205162
874 655 27.96399657376422
867 997 56.64372177216685
412 676 86.50812718977772
412 599 2.9394394671317565
676 103 57.28284388210205
676 134 51.82739626744085
455 311 6.4025014828752065
455 336 99.18407634383213
101 942 13.371357614266884
101 303 89.68495086656544
101 45 31.43881901472523
942 473 68.18972700754654
942 202 85.39859508751088
689 510 74.67718699454167
689 997 67.4207473635225
923 970 46.42117066407197
923 608 51.35244648001991
923 186 38.899773112248816
970 697 17.123975277404448
970 603 10.036752048947381
712 591 97.28318880493906
712 566 51.93504575226232
126 777 38.77271500147908
126 909 62.70199937208622
126 335 66.74526416806177
777 572 48.3182317180424
386 662 20.563976228850144
386 687 14.926717605754064
843 745 91.48119207874598
843 390 59.06086632515078
671 756 95.56464143391489
671 0 90.62067093659415
756 504 55.48041303278135
756 752 74.60109079038938
391 598 49.82677875896798
391 550 85.09003062541231
391 326 79.86015626338184
598 890 81.35974527587724
598 927 47.5918668139692
89 425 85.16214403039895
89 940 23.328516746688667
425 906 62.076172938418026
47 565 42.90024835067166
47 828 4.614109540919654
47 544 84.22416690279945
565 759 7.035013703139038
565 922 9.316970345484664
359 839 31.07172294842663
359 663 56.06146600273554
620 834 30.894356110349975
620 227 58.98802448561471
834 977 47.730219735410785
834 84 21.05561937473523
935 54 76.9107674713046
331 484 56.34131126769159
429 678 66.00587345868198
429 109 53.51683462839239
429 628 42.853042176470666
678 375 28.929609872507932
678 463 11.706058925271448
784 990 66.15667225228714
976 968 51.064607492184
976 48 79.12963370087927
795 213 34.36237603518322
465 687 96.676481965976
73 168 4.717168858754366
73 528 36.35285053493608
73 703 54.332809210402836
168 323 97.24437084314577
186 639 18.35922832408879
186 472 39.95073078684932
639 708 35.51909095770106
639 852 68.37507208148494
889 652 96.90191621609898
889 734 65.63042444246562
281 754 38.57992004021687
281 217 32.26993270771423
90 870 39.57523982365781
90 636 46.232700108718205
363 633 20.172913274241164
363 932 82.55536706436976
363 840 9.601871273225541
633 50 72.64503992337235
633 626 75.43336799442567
181 357 44.6836042939808
181 183 59.18249253352778
519 590 36.4395769962077
519 94 47.07878290891664
519 177 41.82946911526076
590 60 74.66485479904254
561 682 67.6172331591915
561 171 3.2597716673428527
561 743 16.23718422844547
682 729 69.68584864927655
526 900 84.79003190060236
526 140 98.64228606685187
526 444 68.44967472981534
759 610 97.19689975165862
759 921 63.43655123300243
161 241 13.715809755093009
241 651 65.26212748907943
241 312 40.791892630393484
39 842 84.14598175550115
39 971 20.72657559485492
39 983 94.88444617397538
842 224 70.23613511919768
842 371 63.111928367566414
407 998 57.817209725732894
407 389 45.75345152257852
998 400 46.6994198387562
998 901 70.0853743815644
266 936 45.552095928118895
266 344 79.53803221448892
344 457 34.830685704311506
457 572 27.270999633032705
694 317 47.91077020585674
694 219 8.260858600391197
38 936 44.407911827377326
38 216 4.154256339805011
38 558 87.63349855705847
717 952 89.71112397066085
717 378 9.786544556938056
952 821 79.97562928332167
952 374 27.32651103388733
65 974 60.88703299238534
65 428 81.48259087963214
974 446 90.3890551515402
687 310 65.43276077920991
140 878 91.04366566011126
785 499 13.195044568426093
785 132 33.454925820339376
310 472 23.523138439157947
69 379 46.583638210031694
69 107 81.92064481083447
69 28 48.88203428637338
379 130 31.32222803490771
424 836 8.48858944994689
424 932 75.27475778134198
424 1 11.907253916615714
836 421 76.05534904139975
836 199 50.196194959990684
275 568 9.432236237107242
275 420 48.28605976002659
275 831 29.716956618658784
571 980 73.90867883918843
557 840 25.569563551445167
557 403 45.22964523053351
557 305 98.89815341826339
840 543 36.32635264903284
672 388 64.19164140286807
293 767 6.576318456690297
293 230 71.42571835539918
767 303 51.85818832848388
767 700 82.38556847488915
353 503 45.44176761984916
353 733 70.05009120999753
503 669 65.59113265387572
510 517 16.82242343701567
510 405 65.03010177321411
517 488 43.60888122160135
517 876 96.29091580938164
917 710 49.089706909148525
551 662 64.70218891940313
685 335 35.83730453446051
685 326 76.42853806243617
816 929 5.3675768163514626
816 858 74.21190696210671
929 62 49.053549249785945
556 931 51.0419387565122
556 197 80.60434171854416
556 222 86.42918988341972
334 822 84.0736101848888
822 439 59.71070306050246
822 810 40.44631892394178
831 897 39.6002576242323
831 888 23.668336330223795
897 697 54.02131014271418
897 236 79.49758192350296
773 886 86.56979408939372
773 119 20.043839614901685
284 382 9.039545673850803
284 172 79.09869519673906
284 913 73.46809261079385
382 669 53.44097004731492
382 75 12.811575466716052
569 320 33.4251980239667
569 838 93.1861640869348
940 365 75.80612139322308
766 868 18.116808585883586
766 490 77.72522835290846
766 646 55.58427566526018
868 179 76.72471473532906
868 8 56.534858089251784
365 641 59.690667815723955
365 673 24.537537296680085
174 306 30.30456247689583
174 476 26.903297329997578
174 183 96.02990248937698
306 887 15.825304786619839
309 585 6.0119559662344635
309 352 4.075773365942256
309 136 84.75009052048594
585 881 57.81147289345129
585 314 87.79861925639092
234 581 48.81314963859922
234 650 8.080602392943142
581 12 18.11192770995577
581 270 71.75934756509945
2 786 70.90515703373448
2 815 53.64970042377135
786 955 82.1284180979871
237 461 71.02245445729946
237 776 85.1308477396917
330 986 32.06872879456678
997 262 59.28658768288386
26 82 21.690697038644107
26 239 32.68748858415654
26 444 21.45513034101695
82 941 64.9930080618008
82 283 36.89858587632703
413 190 63.545880902006814
413 740 15.71694909129186
436 996 65.56814108549291
405 886 52.81883530298564
256 764 24.20938473529361
256 260 23.46166841832052
764 719 10.821643841865598
321 471 75.60184731695918
321 643 24.23944261666076
321 166 95.71991802558529
471 499 63.72904146884562
471 584 67.17278467996242
270 611 38.10539870857719
474 642 48.96793195765628
474 11 78.78382455866439
642 608 93.50397635203682
642 389 52.855921544463285
371 305 12.086806406933809
99 710 35.83974982593866
99 798 43.034512811575105
99 849 60.108020181178425
710 433 59.72097798785275
721 385 86.89379779735579
260 818 14.595837614599017
260 989 64.30203348042816
818 51 78.15051487595274
818 548 28.455278706644027
150 945 9.75659693334255
150 858 22.21374755440048
150 16 26.297643631734385
945 934 15.913570391993513
20 421 2.628141919653638
20 427 55.62525495209922
20 45 58.92393972090846
421 435 78.10249457579457
539 441 46.00289892215391
539 899 46.27365759317423
631 28 45.93034920056821
631 893 20.152511913973598
44 329 25.167959103833716
329 853 44.26469748828727
262 173 52.87240777188482
932 178 41.06340749771167
548 979 85.29750789118204
548 112 71.40317531043887
979 938 42.623997011450086
979 219 2.4341536861373614
299 253 11.219399415157929
299 160 97.15517189448543
95 650 99.37524055334706
95 995 13.577131176929548
95 743 7.859324280294148
650 862 21.424175013661795
459 941 49.732888815575144
459 921 30.85393430010378
459 591 78.46861330638612
941 990 8.170087711701111
226 912 5.96686333933188
226 957 83.84744297955129
226 240 70.92246535368831
912 937 27.689555891736696
912 19 49.117278694963915
227 362 74.99674117797277
588 966 12.186091221088624
588 542 28.762002980047146
966 509 68.85962871401486
966 799 55.93678184828261
8 285 67.07121886986494
285 540 6.349975434820056
252 661 29.214748369137016
252 420 24.38105035078993
661 318 29.996221001038705
745 787 48.80910587149342
745 481 94.17223138620372
787 134 1.6911875967752925
787 467 74.26574936576175
290 809 85.82633601947043
290 623 2.985690358544625
290 167 34.07728166649337
809 514 91.73658333767824
809 431 82.35856431650934
916 981 84.58165327689952
916 679 28.68388429992071
981 596 23.523493240210936
666 992 20.73552564479351
666 18 75.70161351183351
666 749 7.781221881376233
992 830 26.94900676462339
629 796 94.75734144668539
629 278 38.05246483605288
796 147 25.824281679864598
796 888 57.507020610186935
206 402 94.18253275049693
206 193 73.53855821822242
206 582 57.87950747526926
402 394 65.29620411480204
958 422 61.199134313701855
135 462 7.193496600060215
135 87 73.35070962228266
462 783 21.862805904816184
462 558 77.00811071574223
427 515 61.580102398026774
277 404 5.955819017720026
545 752 83.33176772291189
545 909 34.95825958097231
752 79 50.006906884212526
176 483 75.03782296001351
176 704 86.147242853929
483 518 74.18483783885644
483 749 76.08211133882999
274 72 54.032133230807716
774 823 68.54866941158495
774 5 6.963218269368788
823 601 42.14184101429473
823 615 56.29505963651129
224 653 4.273375501406743
224 502 8.958316043357708
574 743 2.977121042866919
602 882 53.915593474376806
602 723 71.88277126205652
602 470 98.86742744942121
882 647 12.991569725524993
681 837 53.53016773504592
681 628 97.78645666328403
681 239 81.67895094631623
837 536 9.745357155968328
159 937 50.36975698235137
159 349 18.853596265996973
159 80 90.4587000745654
937 659 73.97122632346152
235 4 45.572381843558446
22 208 68.10527069787543
22 632 34.34791547126269
208 119 25.92686510426705
109 895 22.044227666328176
109 534 16.505794682214784
895 488 78.4643992090986
957 847 54.7927332642381
990 961 9.774790265979387
243 381 81.68364630061829
243 656 74.7593144469901
243 915 68.7310938892499
381 547 30.53442928793316
381 973 87.26702920141285
53 117 42.52500700415868
53 955 61.19608965337608
53 473 36.10577764686495
117 915 41.5353949667823
117 862 91.01147249273936
737 890 38.749613785441554
737 525 40.31430516901439
497 512 27.97493299409688
512 898 85.88934079869179
189 827 51.76956797131564
189 64 65.79235246838608
827 196 66.40278028855359
827 165 51.00445512408532
595 808 46.79066431285768
595 357 68.85671596729443
808 813 86.64372372561817
808 770 87.13072281325579
29 157 40.12625464245893
29 872 92.92951520831404
157 409 81.97026859611121
157 550 16.63373567404247
213 246 38.86372509314837
608 888 2.264111176648445
444 791 67.20154676095679
124 538 87.24458834568972
124 821 21.238885726021856
437 537 5.259940985333927
537 760 96.03621977450129
537 62 64.55570604590285
204 155 33.93473174039065
204 136 88.00507993176898
815 825 54.39479919987973
815 269 16.449368267290854
825 6 55.98467516677609
825 616 46.60332073086528
333 734 70.58071928276556
11 147 77.94601950834154
11 975 32.55536176105824
72 757 97.90072437442808
735 995 41.25332746407259
735 547 22.810476153737024
995 973 46.510198594337126
643 387 43.83795169002329
643 934 27.832108709465036
87 625 39.747491803260964
87 591 25.855747001481788
625 376 8.718031457271863
625 986 56.07540811518008
572 566 77.7969437899446
338 765 56.72089799464055
338 141 73.01002118249265
765 903 63.14919000815786
765 718 80.19109094347507
439 194 42.79250403714659
740 873 36.03519049787367
740 160 21.02692614234495
873 319 55.97983329742161
873 872 67.25088339262496
610 192 17.01465086937264
610 165 77.2674117088632
488 94 62.70646589110001
177 753 49.57478476477571
753 461 91.76105378939629
753 392 62.26933670578519
909 680 88.24817042053355
527 847 92.0778113968726
527 914 32.31271124489229
527 584 24.500992495645995
847 938 48.7182663293269
828 944 73.6874921032271
828 131 48.183544505201795
5 271 78.06882268564146
27 370 31.68332411619392
27 996 25.497947955196057
370 986 97.51503870303178
323 853 97.71514861881958
323 933 8.175049421946559
853 88 24.646506800068483
480 999 58.52524627390147
652 467 19.384749687157154
504 24 84.68969082815349
447 865 29.71011780868541
447 715 12.73679830529035
447 80 84.46288934504493
865 10 4.236258199671229
865 641 36.28406131335314
476 354 75.24060400154636
476 322 67.37705340514056
903 156 1.7819628892992108
903 982 63.67035131093509
350 514 61.81395297441158
350 757 22.697428887950416
24 389 76.67110970369417
24 723 93.30899223172482
231 464 41.15846866300217
231 422 40.905193373375624
153 615 25.880362817793515
153 533 41.7422156505843
85 192 46.50571489955418
85 376 15.120074636840402
192 547 72.55313700894716
487 657 90.9541091052097
487 810 79.40318212696316
130 961 77.38641523548313
130 16 73.53385636966186
258 246 83.94162887147154
258 107 82.1471927228957
771 221 5.568939044990125
771 513 57.94628469228772
860 60 76.66306453557357
860 904 58.151953182403645
534 696 55.72672574668356
534 741 70.66257072661706
269 806 14.173851317799324
269 470 67.34969641989565
806 928 18.166861413387444
255 374 72.50205898411937
255 982 27.489264703822982
374 320 74.33963580812916
403 307 78.8440683747362
813 864 90.90476991026085
614 778 4.954795002690605
614 989 27.903850568968465
614 506 62.969290165820674
778 876 39.393786336649065
79 906 18.460674343245252
515 263 24.34143160390916
515 690 87.1316880216343
196 332 50.050624824467214
332 484 66.94458745264308
332 810 43.29119919860041
162 803 5.317460307837977
162 361 54.19098859628899
162 594 25.040386601991894
803 223 89.82547960922847
319 390 67.91756938036778
390 898 50.455100747948734
409 747 77.0851883944127
854 904 47.6242828863586
854 921 60.75201507236565
854 951 15.84694944871487
904 878 17.988377523491096
968 435 58.52747076615854
968 580 22.52839361879315
155 750 26.689642364643564
750 190 79.82405481109345
750 453 86.29593838295847
190 906 22.581815506934248
472 922 41.22559276817032
453 51 92.37621797039048
453 441 88.15110219483094
490 804 32.1669148028543
349 61 31.92895504152184
112 165 23.55669454374141
112 690 28.821722961547078
67 925 32.071657908239644
67 454 12.436986230751055
604 964 11.952931516617342
239 718 32.278517182750704
223 566 57.24360688592255
964 851 4.64627112202203
263 494 12.225214632391898
263 621 3.917087051903481
760 915 17.666749145000107
422 543 36.90173375435348
543 251 50.16682910877623
205 485 26.847628391372478
205 138 21.11882340684859
485 999 38.087061282654474
485 19 60.504207970951875
28 641 99.69018856247892
454 560 51.6076913150825
611 881 26.66009953077191
611 368 49.150365959203455
10 31 19.95109621055713
173 776 19.922394893615614
173 60 4.7433015896427335
776 400 51.54107583425069
507 790 51.148322543618995
507 733 20.74463153735899
790 583 80.55633079649989
989 136 57.45251552121682
690 394 76.00604931458814
636 951 31.142548016609336
603 121 40.195696802030625
317 81 9.043985174963936
706 791 54.53103944696817
706 592 15.16914504917363
791 506 95.37035903203102
132 542 83.50500844465245
132 77 32.63891478825314
77 576 11.598154457506716
576 647 89.50379219080381
576 949 8.269531582395757
6 623 6.84687734813516
851 680 80.1335467677535
560 768 27.806459072416153
560 550 37.3522587256095
469 732 84.71793278492152
833 695 24.020639398701185
833 902 2.451936603710015
387 466 70.08312227261442
387 675 61.438735531387046
951 768 26.15686786342636
240 597 6.670932479586503
597 233 7.762026900682768
800 169 57.52387683596977
800 656 25.029705669642997
470 300 35.06798160430474
93 238 54.8169529377232
93 729 23.348990066993963
238 375 17.242037896642252
385 587 78.35913676460086
587 141 13.334257576451968
195 249 83.35507366979891
195 758 32.40022464358196
249 715 14.472584225217409
513 887 59.94773600091385
513 913 40.380306321510055
887 197 88.01998594147467
509 564 11.760625388270132
564 384 47.01855123720043
564 378 82.16991788796665
347 844 23.241292164838313
844 651 76.74710256376872
844 15 10.04187818788059
615 183 84.35352357339657
607 179 51.46644120809822
646 679 65.57278830150524
583 563 12.036895364029775
358 632 2.5595452283857214
358 580 77.1774930213993
530 747 56.63667371739103
530 96 84.91851323763608
530 214 22.644034849827456
747 907 22.428693049894914
81 64 89.77892885406293
193 442 10.38848895955984
394 246 56.42440271017878
322 855 79.27313608242346
322 748 75.62224017824406
855 264 42.50794296258448
855 540 4.13908013694417
251 582 42.71054852470886
582 907 34.26283087184861
653 375 1.8441479334190092
653 431 79.02668645360878
657 16 77.41788096262755
233 977 21.93920744081459
768 686 33.091752670519405
461 984 59.600018320825484
438 481 41.40396093199711
481 627 80.4815031161452
1 691 57.31415021174788
171 172 60.07791433800549
171 276 20.114226087685815
782 864 2.7154879421691396
264 341 73.22657775219851
341 167 50.14288851081129
341 313 96.25843990015893
169 901 86.38435811263557
169 933 79.15191643507363
901 659 62.231308214569836
849 15 63.67711533553089
914 214 24.367021744794346
846 579 99.4558447196536
846 433 91.93850900466612
119 669 89.31165638378567
50 373 29.055101188948463
50 15 24.750578565916186
373 361 69.7214262536672
373 336 77.71409116554153
216 49 84.64992863031263
713 48 97.46600495236285
575 48 25.770777787230827
575 164 41.20837642088556
49 230 42.22113822976931
430 592 1.0440202473470026
649 698 79.51038012288586
649 75 44.897702008563606
698 700 56.38556025762505
925 221 27.042698624574797
253 191 97.56193748145377
540 928 76.50762189075678
928 899 82.11369081398914
84 484 88.2101868775225
336 830 81.41846837138979
830 156 4.090974800500176
821 749 46.65414385424974
160 244 15.110562060069967
118 967 50.18719543799419
357 967 57.82830700560413
804 898 37.20050732148009
804 980 95.45844720798368
144 339 10.351226481208583
144 45 50.358261176348385
339 758 54.122875169160274
388 647 15.813819781665975
388 911 4.8064725354678535
282 398 52.28268518510961
282 704 50.336330030188705
282 579 53.289838782075925
398 466 57.0299149043861
533 468 43.6305310043831
907 96 47.71224814335099
368 663 59.22407869664187
562 700 4.023716845158028
562 655 60.85759580375814
562 191 51.62560993154328
352 859 84.34441800213094
352 463 4.654236518350032
859 35 10.21414502227485
271 326 62.37111925246183
271 88 59.54773885140179
314 708 64.2027416196606
708 0 45.398587752569945
733 428 48.906852082427214
313 864 74.20712143927852
835 475 38.3818867977299
396 663 79.75570735626451
396 70 19.58137237407159
563 626 96.83819612677787
563 191 23.29205715781412
738 949 37.96327105827649
738 466 88.35015463213658
32 695 53.51455446488143
32 626 61.16289253745534
32 318 59.7412575748296
695 12 75.75991216356431
222 622 96.69236096993309
222 463 65.44452481955568
622 630 16.05255118757179
296 949 43.864650645596946
12 691 6.924490650190679
616 741 7.760867962306909
616 919 49.37143300546446
194 31 82.33851399512608
967 729 64.84584343253869
558 612 76.90322283574308
612 200 35.85234617167351
612 372 37.45850442327782
76 54 35.82043380712027
76 40 37.75466186102033
54 492 96.23037078325514
492 525 63.67653216022766
96 52 1.7563443164894839
798 930 35.638930521865326
798 70 21.03885440244998
872 236 71.60926964058373
630 467 23.038243552179544
850 307 99.86989471198596
366 103 64.79043291299261
366 913 92.14641797724035
19 980 29.35487805948967
984 919 95.05633289133391
384 64 12.71228748271799
433 127 23.41810593256877
131 31 97.84156898271226
999 166 66.40198178531662
228 502 81.27062323059515
142 863 50.52225916096213
863 52 49.7310423474138
863 525 88.64946796725418
102 770 71.63474672275599
102 911 54.78218300981505
770 826 36.596198299744806
297 166 73.58046959206175
934 718 85.75891108273743
938 75 95.32690739624081
686 518 69.28396559838966
621 996 46.051488054833456
621 167 15.648820157577934
229 518 11.047621798850567
679 164 13.67620583795977
42 703 75.1071474416947
80 635 13.15396855811395
635 769 88.79871214848326
635 911 1.4251612670048885
163 959 14.30659211770478
163 236 33.475283441432026
959 703 90.58327720799707
392 494 92.33214606969383
278 40 76.54540624183792
673 127 83.5205494297732
852 893 43.81608171569498
589 146 26.800002472963854
320 506 44.37602355223031
179 933 66.04600003026509
544 623 98.0698580806852
971 121 89.03522179619193
971 468 41.66587172523637
199 769 16.406650207041572
199 257 70.21915672516577
769 675 77.08774636581114
312 494 76.81728227653701
428 452 77.1342003761509
442 522 43.14051079525896
103 121 16.515631617368943
579 799 1.6113101655606772
475 748 61.936782316332604
532 158 63.594811027680635
197 754 39.603470757254655
723 927 50.43112950245373
468 291 81.97501753401947
754 138 33.489886163790345
158 134 65.36739095347788
115 838 5.026028903011028
230 592 33.73666718440195
601 354 96.95196225305135
35 919 76.10764800218732
522 146 21.478507590351565
748 732 74.54821221523565
448 927 66.39172225711921
448 594 72.81497753674138
291 902 2.3381115212921877
