9 26 92.84379658445083
9 24 94.24577559741132
9 94 63.5174929454648
9 17 90.20345588946951
26 74 53.41869195717132
26 45 63.543902729385934
26 82 90.31712690941686
35 88 18.67757519647289
35 81 73.95969158999478
35 51 60.24521027936734
35 43 65.06802852142957
88 66 5.542109931865775
88 58 34.90197684450249
88 0 73.09272785572576
76 91 43.99266063147331
76 60 10.682319196807054
76 90 48.168700282975685
76 32 21.801881370375824
91 93 12.328914613975519
91 13 18.490343011272213
91 67 84.88771091294988
47 94 4.3381829655292545
47 49 54.80145952096732
47 4 14.139871569372028
47 0 80.40307501570665
94 4 39.57086513884898
94 81 92.79840186954256
15 74 27.33283526635569
15 50 25.709267194825834
15 53 16.05556688657694
15 2 68.30303691694614
74 29 89.67794895374773
74 8 74.80126152147479
41 92 32.59826719491147
41 69 69.58578736500496
41 73 80.15810941530496
41 44 51.793192258718605
92 52 6.5303535851534225
92 22 35.42445995003559
92 62 14.03024055701689
18 70 46.510778607757054
18 61 83.40280890599085
18 98 21.927360831851484
18 60 18.897502208660434
70 6 19.6297643617661
70 57 74.02981693033692
70 19 83.65132762433196
27 68 56.65802312514159
27 11 30.568327916012983
27 33 20.49017937978392
27 98 78.62800358747138
68 65 93.15650145538447
68 24 61.78224950261782
68 31 33.36946265978435
42 97 8.068092698176482
42 1 24.245324124195243
42 45 47.18672268574804
42 66 56.935201820652004
97 5 53.5098696716212
97 59 72.57259274469119
97 30 30.724779912409367
50 89 63.53532067447982
50 58 42.589403632641975
50 25 54.656587261836975
57 86 13.680146176325398
57 84 72.80038622707102
57 20 85.4995035020046
86 34 20.56118715335793
86 12 13.30161930809982
86 75 56.841724626434214
1 56 48.77240811727562
1 51 68.29676160362571
1 4 1.517717689137695
56 44 71.4635346927857
56 87 49.6144883476632
56 16 73.20308006619386
44 75 74.05529727182196
44 82 36.38620088436545
11 6 49.17769459186072
11 80 33.774207349728826
11 95 57.340715513813706
75 77 98.10683380019182
75 13 89.7879141250503
5 93 83.21565299256862
5 36 13.470393707239067
5 28 84.05820107637732
21 81 52.155940497613166
21 65 4.09653858217731
21 95 81.84822715647589
21 79 52.98713917642883
81 24 16.396656903382734
46 84 1.5169942493577664
46 36 22.48719469599382
46 51 99.71704172518612
46 96 67.86910080281467
84 14 83.91766296201094
84 53 90.47544701446459
61 79 36.84191424532326
61 40 76.16492215856913
61 55 46.563007854813456
79 73 63.54826320953727
79 78 6.421393263759416
25 60 77.3722105669887
25 32 26.87536579225627
25 4 51.90495012246319
60 52 60.65917448373076
77 7 45.835756207941635
77 40 12.916438501140744
77 17 40.72323378105997
59 19 8.720401344303273
59 10 10.296017515873071
59 36 35.05272633049469
89 96 20.188152177805893
89 30 73.24307615938766
89 39 39.32071494593616
31 73 94.80562993635388
31 43 49.957180336756764
31 10 51.63338921306642
73 48 5.958381393387364
6 3 13.954715614256546
6 49 63.54584747659171
65 34 88.11337797677868
65 51 63.43160648224083
69 29 7.695634888216089
69 99 79.1643296633464
69 8 86.82215493854476
66 14 59.04555392529877
66 80 68.30650561630563
30 39 34.79694573444646
30 45 31.684143722756374
39 3 79.39101809128098
39 96 87.68975684659726
2 17 75.89856437806455
2 90 88.82796042054787
2 33 93.78807076219383
17 32 15.24437069072285
90 58 28.130762423457654
90 20 50.00570705013982
58 83 84.53937234298833
52 67 58.342229769834425
52 64 28.854368821117273
67 33 98.05250270697542
67 71 37.69894733575494
28 87 7.681600188434869
28 37 63.08927543548508
28 20 27.588758823309128
87 22 80.34943780697701
87 14 75.92450071323992
34 54 15.441576992188562
34 82 96.8251432134066
38 54 77.53911071422446
38 99 49.65929671223071
38 49 30.21486917913434
38 85 93.03134673951622
54 64 55.15426248816419
54 12 60.18180814280998
3 96 70.55910519569406
3 83 88.72682781656098
93 98 57.529155991130374
93 53 24.942650299423036
45 71 2.6192638352160102
22 85 86.61880868581403
22 83 87.44773505885105
85 80 5.054778854392804
85 24 79.06721087934423
37 7 63.95843311963491
37 10 39.805174398680165
37 80 56.32712762581003
7 78 9.369124586109464
7 16 34.05150160252888
78 48 25.2681071767731
78 72 17.255417869492067
19 63 86.39977991800768
19 72 53.17843845947809
36 48 77.03617749329261
64 23 18.787734677557
64 63 91.74648780446834
71 0 86.23367006366585
71 16 29.68746590327811
14 12 78.37232796461817
49 40 80.0596790266362
33 10 36.88967554101768
8 98 40.608571862556346
8 99 77.08582926436857
12 13 31.05781741907845
13 72 39.4522050253161
16 72 61.5470830044434
29 43 15.152090383801188
29 55 36.41361956122598
43 83 28.651645991227063
82 95 16.548305823907587
40 55 70.67395750594052
99 62 62.985396392427674
0 63 67.43497308218807
55 23 34.373506281690894
20 23 87.8002332447727
48 95 94.99660467060536
63 62 25.304114301118187
62 23 70.55168052263022
32 53 78.33491678522036
