10 95 9.572741432247366
10 2 50.67463657171855
10 45 40.1614192851902
95 8 24.827250388945853
95 99 81.07010319079268
32 54 86.50649740644603
32 7 99.34302099610885
32 47 97.25586453478726
54 34 68.76970771610323
54 88 10.802674904484375
64 91 41.88699523891483
64 0 28.22242827564345
64 46 78.59453557504023
91 60 86.92324061048384
91 13 72.62496961239812
25 31 17.991455192449905
25 80 10.104793008764586
25 52 75.35570394102257
31 46 12.938629070056393
31 15 93.85285963464216
4 36 9.814416237704808
4 85 50.410606513068025
4 76 51.36232514409112
36 9 42.26403267984972
36 98 64.02603395331666
60 97 4.023704623659995
60 43 60.000679511933235
97 81 56.858451305100566
97 90 23.84952477281886
18 19 89.43342718203446
18 62 94.97868077897837
18 98 85.12429164896882
19 99 93.7337564225393
19 83 62.80860164399584
39 92 99.06537373954303
39 81 52.42385610019621
39 93 52.60239391221576
92 57 82.16555897430027
92 62 32.52733334043056
11 47 84.95205377971601
11 9 9.970940565194665
11 59 11.23254168759415
47 14 15.665036726021826
48 89 8.065644534690648
48 24 95.98585709321972
48 7 50.8037305346496
89 3 74.56258489106135
89 87 53.40967406507319
27 73 12.385282288216077
27 94 43.504750016443005
27 38 38.40659486808971
73 29 23.347226615003077
73 66 34.1397422107889
35 66 57.07400589135813
35 13 47.30839297773086
35 51 51.89361234283242
66 59 15.763741428203627
22 55 57.492489293592236
22 42 98.12601193771636
22 63 83.29095387071912
55 44 94.31740529012144
55 30 53.482210150861086
94 71 99.31526284579775
94 67 88.61978963904852
9 86 57.576123216749735
7 28 26.16065467233326
28 15 37.83886351164928
28 17 99.15828805777598
6 44 80.13258477573466
6 87 36.87949788070022
6 52 84.49810072675113
44 82 2.6490841169831136
57 14 15.798378061280363
57 88 22.41319028334814
13 59 62.73484127643501
78 83 28.40942193085811
78 41 76.40225038283509
78 5 28.30021629263759
83 40 77.81446517094528
29 49 48.88137564830708
29 26 16.528311095496527
52 63 27.393565283078424
63 21 53.53364383858228
20 72 90.05756367871993
20 33 30.51751070607936
20 50 2.9604537894751863
72 46 27.389558015305894
72 50 75.69899845561466
42 84 27.2838419275949
42 21 64.14317808358385
68 75 86.1129779508053
68 58 6.159753341134259
68 69 51.93368232240678
75 61 34.98342188741013
75 5 62.59594113943416
1 12 5.486575415464955
1 88 23.1836321152148
1 24 51.925566474769774
12 51 57.01271541660621
12 26 70.47494248975474
16 41 59.14728048491414
16 69 33.41000724002465
16 74 85.89811546136089
41 65 57.195519394654525
58 87 66.20240803000341
58 99 49.87626249190737
26 67 75.78623126909754
67 56 64.84856747276903
71 79 67.60600526196913
71 62 39.327850258600755
53 70 72.19324206125958
53 37 93.37817783302863
53 56 30.448683274982173
70 5 73.53569666842374
70 85 18.017263868070994
30 45 46.153996304517065
30 80 23.318074785562796
45 34 69.23404682589387
0 82 82.76565031482261
0 79 39.80978280852741
23 84 73.06073964203273
23 24 8.760724584493445
23 74 10.647071033285341
84 96 46.30450578166135
51 90 52.81375198279521
49 2 98.10464560739064
49 38 46.121502066549006
69 85 14.558530528729708
21 96 6.575278112978343
96 14 27.07115318828759
81 33 11.465427668420146
61 8 35.517016783598756
61 93 13.314915153316905
82 90 78.6268472539747
2 3 20.435469872736054
3 8 86.77735189302808
86 33 80.57469355072126
86 76 70.2452505176456
34 50 73.89307372959424
38 80 50.44019599770135
98 77 67.94435021358466
37 77 31.16704575282469
37 79 76.17033733349659
77 17 31.572818998137706
15 65 63.59552642093632
40 43 53.03402111338427
40 65 64.67142026293693
43 56 2.5320564706474906
17 93 73.14462423623374
74 76 66.6395678434027
