50 96 97.27220115515074
50 14 21.03903811727202
50 13 21.348317926686505
50 99 94.81264519507522
50 67 3.534812693489135
96 73 82.93477403602813
96 43 43.728255747383244
96 66 66.82784369331205
96 82 57.20373437387539
14 17 20.621996747219107
14 72 45.95960516489746
14 98 30.77229939960153
14 55 60.33543836947605
17 62 79.61153361643889
17 29 47.195477390734595
17 94 26.655561399526405
17 6 48.7217909828346
42 72 18.417182647283273
42 67 7.366455698365564
42 79 63.87926909675559
42 9 59.995623160787964
42 31 44.40868777954662
72 22 71.30548484782216
72 94 68.52163951355445
72 35 79.56920134875064
22 57 71.01699228314955
22 3 18.319974172481093
22 31 97.28837232701798
22 51 71.6170977201675
57 37 48.00254806229113
57 94 68.4629923546833
57 20 36.17467488049431
57 23 28.798962229849426
5 81 76.53231013055874
5 71 44.98588896654433
5 60 61.74701481076723
5 90 33.126451592775595
5 61 50.06435631159977
81 62 81.54297961698516
81 24 54.36875287080297
81 84 40.21356491833252
81 4 64.74182357777181
7 25 28.50954344363058
7 87 68.16705157824954
7 67 82.92168275885841
7 43 40.94355146149516
7 16 4.864098649813496
25 54 77.8069750591966
25 43 41.97863884666899
25 44 91.14026103207449
25 40 59.61057337766251
69 90 19.10288245699397
69 31 87.80962932027278
69 78 12.677040353022129
69 24 42.4910660809517
69 84 19.69786542661466
90 26 85.04280609879466
90 30 59.8827045361373
90 15 31.393835892647783
13 83 17.26823516441522
13 98 55.8864713827007
13 20 94.40386547355313
13 88 65.6259621834668
83 89 77.9810850240661
83 19 63.460354976060835
83 9 37.191524488710904
83 32 63.159740278008506
30 51 20.999041576186585
30 0 9.801099710861093
30 89 78.07735574603261
30 33 14.512445330528337
51 4 72.95075814881984
51 65 57.403417905479564
51 47 20.6007465421612
54 84 6.237425167676372
54 9 40.96883503421053
54 66 6.613235815536553
54 12 12.734434131355648
12 40 61.04005834861631
12 64 72.24387075943764
12 45 68.26005259236815
12 84 8.140242098267432
40 35 82.61039827239145
40 26 52.5563260774434
40 56 41.33129873218634
43 49 57.137203233140426
43 11 64.71218969724436
98 95 15.56020577638651
98 47 16.07707507419188
98 2 86.20128137163867
64 75 37.07177005273786
64 36 4.281450022576081
64 37 92.25955369345964
64 18 76.76184838384326
10 80 67.06487160757385
10 91 85.89405508730992
10 32 21.79027633696616
10 16 19.13949602287309
10 74 58.06069794398999
80 48 3.6935500740770766
80 33 99.39646976836846
80 87 41.48133949962382
80 53 45.956700159028834
71 77 89.52382498879126
71 44 91.05488356134717
71 23 88.24624789636924
71 53 27.500915788244107
20 75 26.619025392166186
20 82 70.01682747803184
20 23 10.21608610721742
75 82 60.99571880468449
75 59 53.3460297078958
75 67 42.3578968847681
45 48 61.677875686848004
45 63 19.218064418118637
45 38 98.76097916013178
45 46 47.13628077569095
48 39 95.6162710601051
48 66 19.850226540730826
48 9 76.01221543589607
24 89 57.87218601625528
24 63 94.66470739095388
24 41 79.60552831297035
89 41 21.526350702908033
89 21 46.673940722382014
21 31 45.05247215591607
21 11 42.753928722629716
21 93 15.184213575348972
21 44 42.83571031756259
31 27 84.94562821955037
60 38 42.780938217604266
60 59 5.615199088260656
60 15 39.71555834049631
60 36 80.78110514827418
0 55 58.19199082980878
0 8 86.39485770180443
0 37 86.67958437643911
0 29 6.058588178931011
55 88 68.9165210719304
55 99 78.98867228101072
55 1 44.1995639834679
3 79 13.77886605443332
3 39 10.72790948968371
3 34 67.45490231931367
3 49 95.95182234643738
79 23 96.87017232340989
79 63 48.66463022663577
79 93 66.45310950121672
44 97 2.207822660210366
44 63 68.38066513374349
97 39 34.815442350819204
97 95 83.58007907740037
97 47 86.82551635676191
97 1 89.97643746042273
6 70 50.55152158668983
6 74 59.16054467345333
6 49 88.44986948692927
6 19 87.63352738133294
70 49 13.94660052834691
70 52 63.95420347949073
70 73 28.772878178284643
70 77 43.99926477415911
39 78 39.50249694347161
39 28 99.62176773651576
62 66 1.0763311606200106
62 47 81.15616985769783
62 34 2.1154437112090125
2 32 16.279588600187378
2 33 29.134010081667572
2 15 4.720103757909832
2 58 18.47727826537687
32 91 65.63958563471034
32 86 38.27667731616418
18 61 4.982221986522144
18 26 10.247516603602797
18 92 55.1579919660439
18 33 20.492574905632324
61 53 47.41981856044905
61 52 53.25558621998259
61 58 92.7298550829674
67 73 45.216648589786764
73 53 77.08877459406384
73 23 53.985543516237
29 56 63.119715241765874
29 35 58.927030607033686
29 74 50.609560501982486
56 99 62.05109235866311
56 77 82.33795056446047
56 8 52.887619246553754
11 58 32.04703303554959
11 87 48.399610649616186
11 88 21.020309035755947
95 86 55.88116227873931
95 16 27.373528329288014
95 82 3.471878498440749
27 93 22.2337154569604
27 78 6.4854287909138435
27 59 68.00850337259442
27 63 50.66519272743807
93 65 66.81697296796388
93 8 32.75137741860077
15 76 56.41907055804689
15 68 56.4701631123388
76 34 64.2535117335139
76 52 85.28841856273883
76 74 95.53375497927928
76 65 80.05668573035464
78 41 38.52754927107653
78 33 95.3489570192143
8 65 31.8043316122757
8 85 6.259928161853727
65 46 23.61036258726802
46 68 68.69046593972638
46 92 67.70379174710224
46 1 11.93587096411114
68 4 63.575477822761634
68 82 48.424036296722065
68 34 53.2696905530417
77 85 91.00797493844568
77 19 33.24547334567393
4 53 2.717912775455489
4 85 69.21741226377638
58 94 75.47404163866497
58 26 7.219154340727664
34 86 95.0224087253504
86 99 56.15231301601188
86 92 16.523949764273276
91 35 40.88289437089804
91 36 77.70854811056735
91 92 51.65055705390953
37 36 72.08052633881013
37 35 38.385825064630474
36 28 29.494689568870132
47 87 81.58995291296988
87 88 35.01153607534436
26 99 92.98923820642666
92 49 87.43263402127864
85 9 41.57728171673447
85 38 51.519418525171176
41 84 51.44187109295903
41 1 88.77547424551379
66 94 68.42383259957342
19 28 68.4660735605707
19 52 35.31050694932532
28 59 2.722927856779969
28 38 37.251148844621525
59 16 54.313382923828954
38 88 74.20377962210476
74 16 77.12115438804786
52 1 86.52437023175321
